16396,0,0,1,0,0
24590,0,0,0,1,0
8207,0,0,0,1,0
19,0,0,0,1,0
16406,0,0,2,13,0
24601,0,0,1,9,1
8219,0,0,0,1,0
29,3,0,0,0,0
8226,0,2,0,0,0
16420,1,0,0,0,0
24616,0,0,1,0,0
43,0,1,0,0,0
8238,0,0,1,0,0
57,0,1,0,0,0
62,0,0,1,0,0
8257,0,2,3,0,2
24645,0,0,0,4,0
23223,0,0,1,0,0
16460,0,1,0,0,0
8269,0,0,0,1,0
16463,0,5,5,7,1
15032,1,0,0,0,0
83,0,0,0,10,0
8278,2,2,2,2,0
24669,0,5,2,4,0
16481,0,0,0,1,0
16483,0,0,1,0,0
8296,0,1,0,0,0
26736,0,0,0,0,1
8307,0,2,0,0,0
16500,0,1,2,0,0
8313,0,1,0,2,0
8316,0,0,0,0,1
10097,0,0,0,1,0
24704,0,0,3,0,0
22,0,0,0,1,0
8327,0,0,0,1,0
24715,0,0,0,0,3
141,0,1,0,0,0
143,2,0,1,4,1
8338,1,0,0,0,0
8339,0,0,0,1,0
155,0,3,0,1,12
16540,0,2,2,6,4
24737,0,0,0,1,0
16550,0,0,0,1,0
178,0,0,3,0,0
16564,1,0,0,0,1
8375,0,0,1,0,0
16572,0,0,0,0,1
24765,0,6,0,0,0
194,0,0,0,1,0
201,0,0,0,1,0
202,0,1,0,0,0
24780,0,1,0,2,0
207,0,0,1,0,0
24788,0,0,0,1,2
215,0,1,0,0,0
217,0,6,0,0,0
16602,0,0,0,0,2
8414,0,0,0,0,1
16609,0,1,0,0,0
20519,0,2,0,0,0
239,0,6,1,4,1
16624,0,1,0,1,1
241,0,1,5,0,1
24819,0,0,0,1,0
251,2,5,0,0,3
8446,0,3,0,0,0
255,0,0,3,1,0
259,0,0,0,2,0
264,0,0,1,0,0
24841,0,6,0,0,0
24844,0,0,1,0,0
16653,0,0,3,0,0
16668,0,0,1,0,0
16670,0,0,1,0,0
16672,2,0,0,0,0
16674,0,0,0,2,0
8483,0,0,2,0,0
24869,5,0,0,9,0
8489,2,0,0,0,0
24878,0,0,0,0,1
8495,0,0,1,0,0
24886,0,0,2,2,1
24887,0,3,0,0,0
24892,0,1,0,0,0
8511,0,0,0,0,1
24898,0,0,1,0,0
12013,0,0,0,0,1
24907,0,2,0,1,0
16716,0,0,0,0,3
24911,0,1,0,0,0
8528,0,0,1,0,0
16722,1,0,3,4,0
20470,0,0,2,0,0
24922,1,0,0,0,0
24929,2,0,0,3,0
360,2,1,0,0,0
24942,0,0,6,0,0
24944,0,4,0,0,0
16754,0,1,1,0,1
23273,0,0,0,1,0
377,0,1,0,0,0
16768,1,0,0,0,1
24966,0,2,0,0,0
24969,0,0,0,0,1
398,0,4,0,0,0
24978,0,0,0,0,1
24984,0,0,2,1,0
8603,1,0,0,0,0
414,0,0,2,0,0
16453,0,0,0,0,1
16800,0,0,0,2,0
422,0,0,1,0,0
25005,0,0,1,0,0
8625,0,1,0,0,0
16818,0,1,3,3,0
8628,2,1,2,1,1
16821,0,4,3,0,0
8630,0,0,4,0,0
1439,1,0,0,0,0
8637,3,10,3,9,1
25022,0,0,0,0,3
8643,6,0,0,0,0
16836,0,0,1,0,0
25029,0,0,0,0,1
454,0,0,0,1,0
12364,0,0,0,0,1
8651,0,0,0,1,0
16846,0,1,0,2,0
16854,1,0,0,0,0
471,0,0,0,2,0
476,0,0,0,1,1
8669,0,0,1,0,0
16865,2,0,0,0,0
25058,0,0,0,6,0
8676,0,0,0,0,1
489,0,0,2,0,0
19197,0,0,0,0,4
8689,1,12,4,19,7
16884,0,0,0,1,0
8693,0,0,6,0,3
504,0,0,1,7,12
8698,0,0,1,0,0
23295,0,2,0,0,0
25086,0,0,2,6,0
8704,0,1,0,0,0
25090,0,0,0,1,0
16903,0,1,0,0,0
526,0,0,0,1,0
527,1,3,1,1,2
528,0,0,0,2,0
16913,0,4,0,0,0
530,6,1,1,1,0
8724,1,8,0,4,1
8725,0,0,1,0,0
539,0,0,1,0,0
25117,0,0,0,0,2
542,0,0,0,2,0
8738,0,0,0,0,1
554,3,0,10,9,0
16939,4,1,6,0,0
16944,0,3,0,0,0
25138,1,0,0,0,0
16952,3,0,0,0,0
569,0,1,0,0,0
8763,0,1,0,0,0
8764,0,0,0,1,0
11018,0,0,0,3,1
574,0,0,0,3,0
8767,0,0,1,0,0
8769,0,0,0,1,0
8775,0,0,1,0,1
16972,0,0,0,2,0
25169,0,0,1,0,6
27406,0,0,3,0,0
599,0,1,0,1,0
8792,0,0,4,0,0
13754,0,0,0,1,0
8799,0,0,0,0,1
8805,0,0,0,0,1
614,0,0,2,3,0
25193,0,6,0,0,0
619,0,1,0,1,1
8816,0,0,0,2,0
8818,0,1,0,0,0
17013,0,0,2,0,0
2476,0,1,0,0,0
25212,0,0,0,4,0
25214,1,0,0,0,0
25215,0,0,0,1,0
17024,0,0,1,0,0
642,0,0,2,0,0
25219,0,0,0,1,0
646,0,2,0,0,0
647,1,1,1,0,0
17032,0,0,0,1,0
8842,0,3,0,1,0
8851,0,0,1,0,0
8860,0,0,0,4,0
25248,0,0,0,1,0
17060,0,0,2,2,0
17061,2,1,0,2,1
679,2,5,3,2,4
25260,0,0,6,1,0
25261,0,0,1,0,0
25272,0,0,0,3,0
17081,0,1,0,0,0
8890,0,1,0,0,0
700,0,1,0,0,0
17087,0,0,2,2,0
17094,0,1,0,0,0
712,0,0,0,0,1
25289,0,2,0,0,0
27427,0,0,0,0,1
25308,0,0,0,0,1
17118,0,0,2,0,0
742,0,0,0,1,0
17133,0,0,1,2,0
8943,2,1,0,0,1
25329,0,0,1,8,0
25333,0,0,0,0,12
17150,0,0,0,1,0
768,0,0,0,0,2
17153,0,0,0,2,2
8965,0,0,1,0,2
778,0,1,0,0,0
8976,1,0,0,0,0
5592,2,0,0,0,0
8978,0,0,0,1,0
25366,14,1,2,0,0
17177,0,0,0,1,0
25372,1,3,3,5,0
17181,0,0,1,0,0
8992,0,1,0,0,0
21979,0,0,1,1,0
8996,0,1,0,0,0
25381,0,2,0,0,0
25386,0,0,0,2,0
26077,0,0,1,0,0
819,0,0,2,0,0
19252,0,1,0,0,0
17214,0,4,1,2,0
834,0,0,0,1,0
9030,0,1,0,0,0
25415,0,0,3,4,0
25420,0,0,1,0,3
845,0,0,2,0,0
17232,0,1,1,0,0
849,1,0,0,0,1
25427,0,0,0,1,0
17237,3,0,0,0,0
17242,0,0,1,0,0
4239,0,0,0,0,2
17244,0,0,2,0,0
876,0,1,0,0,0
9072,0,2,0,0,0
882,0,0,0,1,0
9090,0,1,1,0,0
12438,0,0,0,1,0
903,0,0,1,0,0
905,40,0,0,0,0
25483,0,0,0,10,0
911,0,3,23,0,0
25488,0,2,0,0,2
9109,0,0,0,1,0
9111,2,4,4,7,1
25500,0,0,0,0,1
9120,0,0,0,1,0
25510,0,1,0,0,0
9131,0,0,1,0,0
9138,0,0,0,0,1
17331,0,1,0,0,0
9140,0,0,0,0,1
949,0,3,0,2,4
953,0,0,1,3,0
954,0,0,0,0,1
9152,0,1,0,0,0
2891,0,2,0,1,0
17348,1,0,0,0,0
17352,1,0,0,0,0
970,0,0,0,1,0
17356,0,0,0,1,0
9165,0,0,0,3,0
989,0,1,0,0,0
993,0,0,1,0,0
25570,0,0,0,3,2
9192,1,0,0,0,0
9193,0,1,0,3,0
9195,3,0,4,0,2
1004,0,0,0,1,0
17389,0,0,0,12,0
1008,0,0,3,0,0
17393,0,0,1,0,0
1010,0,0,2,0,0
1015,0,1,1,0,0
17400,0,1,0,4,0
9209,0,0,1,0,0
17402,1,0,0,0,0
25596,1,0,3,2,0
17405,0,0,2,0,0
17407,0,0,0,1,1
9220,2,0,0,0,0
1031,14,0,0,0,0
1037,0,0,4,0,0
1038,0,0,0,1,0
1041,0,1,0,0,0
25618,0,0,0,0,5
17429,0,0,0,0,1
9242,0,0,0,3,0
17438,0,0,0,0,2
12583,0,1,0,0,0
9250,0,0,0,1,0
25635,0,2,0,0,1
17446,0,0,1,1,0
17449,0,0,2,0,0
25642,0,0,1,0,0
17453,0,0,0,2,0
25651,1,1,2,0,0
1079,1,0,0,1,0
1080,0,1,0,0,0
9275,0,0,0,2,0
1084,0,0,0,0,2
17470,0,0,0,3,0
25669,0,0,2,2,0
25670,0,1,0,0,0
17483,0,0,0,0,1
25676,0,0,0,1,0
9295,0,0,0,1,0
1107,0,1,0,0,0
9301,0,0,0,2,0
25687,0,0,0,0,2
1119,0,1,0,0,0
9315,0,0,0,0,1
17512,0,2,2,0,0
24764,0,1,0,0,0
17514,0,0,0,0,1
1135,0,0,1,0,0
1138,0,0,0,1,0
5652,0,2,0,0,0
17531,1,0,0,0,0
9340,0,0,1,1,0
1155,0,1,0,1,0
25733,0,2,1,1,0
25742,0,0,0,1,0
9363,0,0,0,1,0
25753,0,0,0,0,1
15217,1,0,0,1,0
1195,0,0,0,0,1
17581,0,0,0,1,0
5661,2,0,1,1,0
9392,1,1,0,0,0
17590,0,0,1,0,0
25793,0,0,0,0,1
1218,0,1,0,0,0
9413,0,0,0,1,0
1222,0,3,0,0,0
28876,0,3,0,0,1
1237,1,1,0,0,0
25820,0,1,0,0,0
17629,0,0,0,0,1
25830,1,0,1,1,0
17640,5,2,4,0,0
17641,0,0,0,0,1
17642,1,0,0,0,0
23421,0,0,0,0,1
25840,0,1,0,0,0
9458,1,0,0,0,0
9471,0,2,0,0,0
17664,0,0,0,0,1
1282,0,0,1,0,1
9479,0,0,0,2,0
1293,1,1,0,0,1
9486,2,0,3,0,0
9487,0,0,1,0,0
8409,0,0,0,12,0
17690,0,0,0,0,1
8410,0,0,0,0,1
17706,0,1,3,2,0
1325,0,0,0,3,0
9522,0,0,0,2,0
16606,0,0,0,1,0
1335,0,1,0,2,2
1337,1,0,0,0,0
9532,0,0,2,0,0
25917,0,2,2,1,0
23086,0,0,1,0,0
4320,0,0,1,0,0
17732,0,0,1,2,0
9549,0,4,1,0,1
17748,0,0,4,3,1
1366,1,0,0,0,0
17752,0,0,0,1,0
9563,0,4,4,1,1
9567,2,0,7,1,0
17760,0,0,0,1,0
17767,0,0,0,0,1
25960,1,2,0,1,0
1385,1,0,0,0,0
17770,0,0,1,0,0
17771,0,0,0,1,0
17772,0,0,1,0,0
1390,0,0,1,0,0
22077,0,1,0,0,1
1392,2,0,2,4,0
2963,1,0,5,0,5
1396,0,0,1,0,0
17781,0,0,0,1,0
17783,0,1,0,0,0
25989,0,0,0,1,0
1415,0,0,0,1,0
9612,0,0,0,0,1
26000,0,0,0,2,0
9620,1,5,2,1,0
26005,0,1,0,0,0
26006,0,0,2,0,0
17823,0,0,1,2,0
1446,0,0,0,0,1
9640,0,0,0,1,0
17835,0,0,3,2,0
26034,0,0,0,1,0
1461,0,1,2,0,2
9657,0,2,3,1,0
9658,0,0,0,0,2
17855,0,0,0,1,0
9671,1,0,2,0,0
1481,0,2,4,0,0
1494,0,0,0,1,0
9688,0,0,0,0,2
17882,0,0,0,0,1
1501,0,1,0,0,0
1505,2,0,0,0,0
1507,0,0,0,1,0
9702,0,0,0,1,0
26087,0,2,0,0,0
9709,0,0,1,0,0
1530,0,0,0,0,1
24831,0,0,0,1,2
1533,0,0,0,1,1
17920,0,0,0,1,0
17921,0,1,0,1,0
26114,0,0,3,0,0
1539,0,0,2,0,0
17926,0,0,1,0,0
26121,0,1,1,0,0
1546,0,0,0,1,0
1548,0,0,1,0,0
26127,0,0,0,2,0
17945,0,1,0,5,0
1565,0,0,0,2,0
17958,0,2,0,0,0
17959,2,5,1,0,0
17960,0,0,0,0,1
1577,0,0,0,2,0
26160,1,0,0,0,0
17972,0,0,1,2,0
9782,0,0,0,0,1
1591,0,2,0,0,1
26168,11,0,0,0,0
17977,0,0,0,0,2
1598,0,0,0,3,0
9792,0,0,1,0,0
26180,0,0,1,1,0
9802,0,0,0,5,0
9804,0,2,0,0,0
7096,0,3,3,6,0
18002,0,3,2,1,3
9817,0,11,0,0,0
18013,0,0,0,0,2
1630,1,0,0,0,0
9829,3,0,0,0,0
18024,7,11,10,1,7
18025,0,0,0,1,0
18026,0,1,0,0,0
9842,0,0,1,0,0
9846,0,2,0,0,0
9848,0,0,0,0,1
9834,0,1,0,0,0
1666,0,3,0,0,0
18051,0,2,0,0,0
1672,0,0,0,0,2
1681,0,0,1,0,0
9878,0,0,0,1,0
18072,0,0,2,0,0
9881,0,4,0,0,0
18075,0,3,4,10,3
18080,0,0,2,0,0
18084,0,1,0,0,0
18086,1,1,0,0,0
1704,0,0,0,1,0
9899,1,0,2,0,0
26288,6,9,1,4,1
18097,0,0,0,3,0
9906,0,0,0,1,1
9907,0,0,1,0,0
9912,2,0,2,0,0
9914,1,0,0,0,0
9919,0,0,0,1,0
1731,0,0,3,0,3
26308,0,0,0,1,0
1739,0,0,1,2,0
18124,0,0,0,0,1
9936,0,0,1,0,0
18131,0,0,0,2,0
1752,0,0,1,0,0
9948,0,0,1,2,0
26333,0,1,0,0,0
1758,0,0,1,0,3
26341,1,0,1,0,0
28967,0,0,1,0,1
1773,0,0,1,1,1
18167,0,0,4,1,0
1788,0,0,1,0,0
9985,0,0,0,6,0
18180,0,5,9,2,2
9991,0,0,1,0,0
18185,0,0,0,2,0
26378,0,0,0,1,0
1803,0,2,0,0,0
19973,1,4,2,1,0
19416,0,5,0,0,0
18196,0,0,0,1,0
18200,0,3,0,0,0
26394,0,0,2,1,2
10014,0,2,2,4,2
26404,0,0,0,2,0
1831,2,1,1,1,1
18217,0,2,0,0,0
19974,0,4,0,5,1
23793,1,0,0,0,0
26416,0,0,1,0,0
18227,0,0,1,0,0
26422,0,0,0,1,0
18233,1,0,0,0,0
26434,0,2,0,0,0
10051,0,0,0,0,2
4595,0,1,0,0,0
10066,1,0,0,0,0
1880,0,0,1,0,0
1884,0,0,0,0,1
18271,0,0,1,0,0
26464,2,0,0,0,0
18273,0,2,0,0,0
10082,0,1,0,0,0
18275,0,0,0,2,0
18281,0,0,1,1,0
19431,0,0,1,0,0
18289,0,0,0,1,0
18290,0,2,0,0,0
18292,0,1,0,0,0
18296,0,0,1,0,0
1917,0,0,3,0,1
28992,0,0,0,0,1
26516,0,1,0,2,0
10133,0,1,0,0,0
26523,0,2,1,3,3
1950,1,1,0,0,0
1691,1,0,0,2,0
10151,0,1,0,1,0
1962,0,1,0,0,1
1966,0,0,0,1,1
18353,0,1,0,0,0
26546,3,4,0,0,2
14523,0,0,0,0,1
10169,0,0,0,0,1
10171,0,0,2,0,0
10176,1,1,0,1,0
26568,0,0,1,0,0
1995,0,0,1,0,0
2000,0,2,0,0,0
10193,1,0,0,3,1
18388,0,0,2,0,2
26583,0,1,0,0,0
18392,0,0,0,0,1
1700,0,0,0,2,0
26595,0,0,0,1,0
9894,1,0,0,0,0
26605,0,1,0,0,0
26607,0,0,1,0,0
26608,1,0,1,0,0
2033,0,1,1,1,1
26614,0,5,5,3,1
10232,0,0,0,1,0
26618,0,0,0,0,2
2043,0,0,0,0,1
10240,4,0,0,0,0
10247,0,0,0,1,0
26634,0,0,1,0,0
3074,0,1,0,0,0
10258,0,1,0,0,0
10268,0,0,0,5,0
15365,0,0,0,0,3
18465,0,0,2,0,0
18466,0,0,1,0,0
26665,0,0,0,2,0
10282,0,0,4,1,0
26670,0,0,0,1,0
18489,0,1,0,0,0
18491,0,2,0,0,0
3082,0,0,0,1,0
18496,0,0,0,0,1
10306,0,0,0,1,0
7179,0,0,0,0,2
10308,6,0,0,0,0
26699,2,0,1,3,0
2128,2,0,0,1,0
18515,0,0,1,0,1
10325,0,2,0,0,0
18519,2,0,0,0,0
26712,0,0,0,1,0
10329,0,0,0,2,1
18523,0,0,0,1,0
26716,0,1,0,0,0
26298,0,0,2,0,0
18529,0,0,0,0,2
26722,0,4,16,7,0
26728,3,2,0,1,1
18542,0,0,1,0,0
2159,1,0,0,0,0
18544,0,0,0,0,3
26737,0,0,2,0,0
19475,0,0,0,0,1
2173,0,0,0,0,1
18558,0,0,0,0,1
10368,1,0,0,0,0
26754,0,0,0,1,0
2179,0,3,0,0,0
15383,0,0,1,0,0
18572,0,0,1,0,0
18575,0,0,0,1,2
26771,0,1,0,0,0
2198,0,4,2,4,0
2199,0,0,2,0,0
10393,0,1,0,0,0
2208,0,0,0,5,0
10404,0,5,0,1,0
26789,2,1,1,0,0
2217,0,0,1,0,0
8530,0,0,0,0,1
26800,0,1,0,0,0
2227,0,0,0,0,1
18612,2,0,0,0,1
26806,0,0,0,1,0
18628,0,1,0,0,0
18630,0,0,0,1,0
2249,0,0,0,1,0
2251,2,0,0,0,0
26829,0,0,0,1,0
2254,0,0,0,1,0
2257,0,9,0,13,2
10452,0,0,0,1,0
26843,0,0,0,1,0
10461,0,0,1,0,0
2270,1,0,0,0,0
26860,0,0,0,1,0
28166,1,0,0,0,0
10480,0,1,0,0,1
26866,0,0,0,0,2
2291,0,1,0,0,0
18678,0,2,0,0,1
26871,0,0,0,2,0
18683,0,0,0,0,1
2306,0,0,1,0,0
26883,0,1,0,0,0
18697,0,0,2,0,0
26894,0,0,0,2,0
2322,0,0,0,2,0
2323,0,0,2,0,0
26900,0,0,0,0,1
18712,0,5,5,0,0
8261,0,0,1,0,0
10532,0,0,1,0,0
26332,0,1,0,0,0
18730,1,6,1,5,2
18731,0,0,0,1,0
18736,2,2,5,1,5
12680,0,0,2,0,0
18741,4,3,1,2,0
18743,0,1,0,0,0
2367,4,7,8,1,3
2368,0,0,0,3,0
5856,0,1,2,0,0
18758,1,0,1,0,0
10570,0,0,0,0,3
26959,0,2,0,0,0
18771,0,0,0,1,0
10584,2,0,0,1,0
26969,0,0,0,0,4
26972,4,0,0,0,0
26973,0,0,0,0,1
18791,0,1,0,1,0
2410,0,0,0,2,0
2421,0,0,0,3,0
18808,0,0,0,0,1
27711,0,0,0,1,0
1771,1,0,0,1,0
2436,0,1,0,0,0
2437,0,0,4,0,0
2438,0,0,0,3,0
10635,0,1,0,0,0
18829,0,0,0,2,0
18835,0,2,0,0,0
2452,0,0,2,6,2
10646,0,0,0,3,0
10647,0,0,0,1,0
27033,0,0,0,1,0
27035,0,0,1,0,2
2471,0,0,0,4,0
27052,0,0,0,0,3
27056,3,0,0,0,0
18868,0,0,0,5,0
10678,0,1,0,0,1
10680,0,0,1,0,0
18879,0,10,0,0,0
10690,3,0,0,0,0
10694,0,0,1,0,0
18891,0,0,1,0,0
10702,1,8,2,3,0
2513,4,0,7,0,0
27092,0,1,2,1,0
2519,1,0,0,0,0
27096,0,0,1,0,0
18905,1,0,3,0,0
10726,0,1,3,0,1
27111,0,0,1,0,0
18172,0,1,0,0,0
27117,1,1,0,9,10
10740,1,1,0,0,0
10741,0,0,1,0,0
18937,0,0,0,2,0
18946,0,0,1,0,0
2568,0,4,0,1,0
27149,0,1,0,0,0
18958,0,0,1,0,0
27153,1,0,0,0,0
27155,0,0,3,0,1
18967,1,0,0,0,0
27160,0,0,0,2,0
27161,0,0,1,0,0
10778,0,0,0,0,3
18977,0,0,0,0,3
25009,0,0,1,0,0
2600,0,0,0,1,0
27179,0,0,0,0,1
18990,2,1,2,11,1
5896,0,0,0,0,2
2610,0,5,3,1,1
18996,0,0,0,0,2
2613,0,1,0,0,0
27191,0,1,0,0,0
19005,7,0,0,0,0
27198,0,0,1,0,0
27199,0,0,1,0,0
2626,2,0,0,0,0
27205,0,0,1,1,6
19014,0,0,0,0,2
19023,0,0,0,1,0
10840,3,0,0,1,1
27228,0,0,1,0,0
2655,0,0,3,0,0
19048,0,0,0,0,1
2669,1,0,1,2,1
10866,0,2,0,1,0
27251,0,1,0,0,0
10872,3,0,0,0,0
27257,0,0,0,1,0
2683,5,39,25,8,9
2685,0,0,1,0,0
10879,0,0,0,0,1
4545,0,0,0,0,1
10893,2,1,2,4,1
10895,1,0,0,0,0
19096,0,0,0,0,1
10908,0,0,0,1,3
18202,0,0,1,0,0
19102,0,0,1,0,0
19105,1,0,0,0,0
10916,0,0,0,0,1
2729,0,2,2,0,0
14821,0,0,0,2,0
10928,0,1,0,0,0
27314,0,0,0,0,2
2739,0,1,0,0,0
27319,0,1,0,0,0
2750,0,0,2,0,0
27328,1,1,0,0,0
10948,0,0,2,2,1
10949,0,3,0,0,0
2764,0,1,1,0,0
27346,3,0,1,0,0
2771,0,0,3,0,0
10970,0,1,0,1,4
19166,0,2,2,0,0
2783,0,0,1,0,0
19179,0,0,2,0,0
2803,0,0,0,4,2
10999,0,2,2,2,0
11000,0,0,0,5,0
2812,0,1,0,0,0
27389,0,0,1,0,0
27390,0,0,1,0,0
27394,0,0,0,2,0
27396,0,0,1,0,0
27401,0,0,2,0,0
2826,0,1,1,1,0
11022,0,0,0,8,0
27407,1,0,0,2,0
19217,0,3,0,2,0
2836,1,0,0,0,0
11029,0,1,0,0,0
27415,0,0,0,1,2
4571,1,10,6,2,1
11052,0,0,6,0,0
27437,2,0,0,0,0
27443,0,1,0,0,0
11060,0,1,0,0,2
11061,0,2,0,0,0
27446,1,0,1,0,0
27448,0,0,0,1,0
19258,1,0,0,0,0
11076,0,0,1,1,0
11080,5,7,7,8,1
11083,0,0,0,1,0
19277,0,0,0,1,0
27470,0,0,1,0,0
11101,0,1,0,0,0
27487,0,1,0,0,0
4582,0,0,0,0,1
27501,0,0,1,0,0
27505,0,0,0,1,0
27508,0,0,1,0,1
27511,0,0,3,0,0
27514,0,0,1,2,0
19328,0,0,1,0,0
2945,0,0,1,1,0
19339,0,1,0,0,0
27539,0,0,0,2,0
11159,1,0,2,0,0
2971,0,0,0,1,0
11176,0,2,4,14,0
27567,0,0,1,0,0
19379,0,0,2,0,0
19381,0,0,1,0,0
2999,0,1,2,0,1
8692,0,0,1,0,0
11196,1,19,8,25,15
11201,2,5,1,4,0
19394,1,1,4,0,2
11204,0,0,1,0,0
19402,0,0,0,0,1
19405,0,0,1,2,0
11220,0,0,0,1,0
3032,1,2,4,4,0
19421,0,2,2,1,0
27615,0,2,1,0,0
27618,0,0,0,0,2
3047,0,2,0,2,0
27625,3,5,0,6,0
3051,0,0,1,0,0
11244,0,0,3,0,0
27637,0,1,2,2,0
27638,0,1,0,9,0
11259,0,1,0,0,0
3068,0,3,0,0,1
11263,0,2,0,0,0
19457,0,1,0,0,0
19458,1,0,0,0,0
27653,0,0,0,0,1
11272,0,0,0,1,0
19466,0,0,0,2,0
27659,0,1,0,0,0
11280,0,2,0,2,0
3091,0,0,0,1,0
3093,0,0,0,1,0
27670,0,1,0,0,0
11304,1,0,1,0,0
519,0,1,0,0,0
19514,0,0,1,0,0
27709,1,0,0,0,0
3135,0,2,0,0,0
11328,0,1,0,0,2
11329,2,0,1,1,0
11330,0,1,4,1,0
19523,0,8,3,0,0
3145,0,0,0,0,1
3151,0,0,6,3,2
19539,0,1,0,0,1
19540,1,1,0,0,0
8719,2,1,0,0,1
11357,0,2,0,0,0
3174,0,1,0,0,0
3176,0,0,1,0,0
3181,0,2,0,1,0
3185,0,1,1,0,1
11378,0,0,0,1,0
19574,0,1,0,1,0
11391,0,0,0,0,1
27791,20,16,14,6,2
11410,0,0,1,0,0
3219,1,0,0,0,0
3228,3,7,19,1,8
19615,1,1,1,2,0
17020,0,0,0,0,2
11431,1,0,0,0,3
19632,0,2,0,3,0
3252,0,0,1,0,0
11448,0,0,1,0,0
19643,0,0,0,2,0
11456,0,0,0,1,0
19651,0,0,0,0,1
11465,0,0,0,3,0
19660,0,0,3,1,8
19671,0,0,0,1,0
19673,0,0,0,1,0
11482,0,0,1,0,0
11487,0,0,0,1,0
19680,0,0,0,0,1
19686,0,1,0,1,0
13749,0,0,0,1,0
11499,0,0,1,0,0
27888,0,2,0,0,0
29224,0,0,1,2,0
19702,0,0,2,0,0
3324,0,0,0,0,4
11519,0,0,1,0,0
27906,0,0,0,0,2
11524,0,2,2,0,0
27912,0,1,0,1,0
11541,0,0,0,0,1
27927,0,0,4,0,0
27928,0,1,0,0,0
19742,1,0,0,0,0
19745,0,0,3,0,0
3362,0,2,0,0,0
27946,0,0,2,0,0
27950,0,2,0,0,0
27955,0,1,0,0,0
3382,1,0,0,0,0
3384,0,0,0,0,2
27961,1,0,0,0,0
11578,0,1,1,0,1
19772,0,0,2,0,0
27965,0,1,0,0,0
3390,0,2,2,0,0
3393,0,0,1,0,0
27977,0,2,0,0,0
3406,0,0,0,1,0
3409,0,0,0,1,0
11605,0,0,0,1,0
11612,0,0,0,5,0
3423,0,0,1,0,0
19813,0,0,0,1,0
19814,0,0,0,2,0
11624,0,0,0,0,1
3433,0,0,0,0,1
3438,0,4,0,1,0
11631,0,0,1,0,0
19824,0,0,0,1,0
28017,3,0,12,0,1
11635,0,0,0,1,0
19828,0,0,1,0,0
19829,0,0,1,0,0
11638,0,0,1,0,0
19837,0,0,0,1,0
3458,0,4,1,0,1
11652,0,0,0,0,1
11665,2,0,0,0,0
11670,1,0,0,0,0
28059,0,2,0,0,0
11679,6,0,4,8,2
28065,0,0,0,2,1
11682,0,0,0,1,0
26576,0,2,0,2,0
11687,0,1,0,0,0
19882,0,0,0,1,0
11696,0,0,0,1,0
19890,0,1,0,0,0
19891,0,1,0,0,5
28087,0,0,0,1,0
3515,0,0,0,0,4
19903,0,0,0,0,1
4683,0,0,1,0,0
3528,1,0,0,0,0
3534,0,1,0,0,0
3536,0,0,1,0,0
11730,0,0,1,0,0
11734,0,2,0,1,1
28124,1,0,1,0,0
19937,0,0,0,2,0
3555,0,0,1,2,0
19941,0,0,0,1,0
28135,0,0,0,1,0
19951,1,0,0,0,0
19955,0,0,0,1,0
28149,0,0,0,0,1
11767,0,1,3,0,1
11776,0,2,0,1,1
28164,0,5,0,0,0
4694,0,0,1,0,0
3590,0,0,0,1,0
3592,0,0,2,0,0
28169,0,0,0,0,2
11790,0,0,0,3,2
11793,0,2,0,0,0
28183,0,0,0,1,0
28184,0,2,0,3,0
19993,0,2,1,2,0
28201,0,0,1,0,0
3626,0,1,0,2,0
3627,0,9,4,17,6
11823,0,0,0,2,0
11826,0,1,0,0,0
28221,0,1,0,0,0
3647,0,3,0,0,0
3651,0,0,0,1,0
20037,0,3,0,0,0
11849,0,1,0,0,1
3658,0,0,15,3,1
20045,0,0,0,6,0
20048,0,1,0,0,0
3665,0,0,2,0,0
11864,2,1,1,0,0
3677,0,0,0,1,0
28256,0,0,0,1,0
11882,0,9,0,0,0
28270,1,6,0,3,5
11888,0,0,1,0,0
11889,0,0,0,1,0
3699,3,0,0,0,0
3702,0,0,0,1,0
617,0,1,0,1,1
28286,0,1,0,0,0
11904,0,0,2,0,0
3719,0,0,3,3,0
11543,0,0,0,5,0
20121,0,0,0,0,1
11931,0,0,0,1,0
3740,1,2,2,0,0
20127,0,0,1,0,0
11936,0,0,0,0,1
624,0,1,0,0,0
3746,0,0,0,0,1
11939,0,1,0,0,0
20143,7,0,0,0,0
20146,0,0,2,0,0
20147,1,0,0,0,0
20152,0,1,0,0,0
20154,0,0,1,0,2
11963,1,0,0,0,0
3774,0,0,0,0,1
3775,2,0,0,0,0
3776,0,0,1,0,0
11969,0,0,0,1,0
20164,0,0,0,1,0
28362,0,0,0,0,1
3787,0,0,0,1,0
11983,0,0,0,0,1
28368,0,0,0,1,0
28369,0,1,0,0,0
28370,0,0,0,4,0
20180,1,5,0,0,2
20184,0,1,0,0,0
28378,0,1,0,1,0
3804,0,0,2,1,2
20190,0,1,0,0,0
3809,0,3,0,0,0
28391,0,0,2,0,1
12008,0,2,0,0,0
3817,0,0,2,0,0
22482,0,0,1,3,0
20206,0,0,0,1,0
20207,1,0,0,0,0
28401,0,1,0,0,0
12018,0,0,0,4,0
22484,0,0,0,18,0
28410,0,4,1,0,0
28411,0,0,0,0,5
28418,0,1,1,0,0
3847,0,2,0,0,0
3850,0,0,1,2,1
3854,0,0,1,0,0
7469,0,1,0,0,0
12052,0,1,0,0,0
28438,0,1,0,2,0
26585,1,0,0,0,0
20253,0,0,0,1,0
12063,0,0,2,0,0
20256,0,1,0,0,0
12068,0,7,4,5,0
28453,0,3,0,0,0
12076,0,0,0,1,0
12078,0,0,0,2,0
28463,3,2,4,0,0
28465,0,0,1,1,0
28470,0,1,0,0,0
20279,0,0,1,0,0
28481,0,1,0,0,7
20297,0,1,0,10,3
20300,0,1,0,0,3
12110,0,1,0,0,0
28504,0,0,0,0,1
28508,0,0,1,0,0
12132,0,0,0,1,0
20327,0,0,0,1,0
28524,0,0,0,0,1
28525,0,2,1,0,0
12143,0,1,0,0,0
20338,0,0,0,1,0
3958,0,0,0,1,0
28535,0,2,0,0,0
12159,0,0,0,0,2
12161,0,0,0,1,0
12162,1,1,1,2,0
12168,0,0,2,20,5
3977,0,0,1,0,0
3979,0,1,0,0,0
12173,0,0,1,0,0
3983,0,0,0,2,0
28561,0,0,0,0,1
12182,0,0,0,0,1
3995,0,0,0,1,0
21146,1,0,3,1,0
3999,0,1,0,0,0
20386,5,1,0,0,0
4003,0,1,1,0,0
20388,0,1,0,0,0
23878,0,0,0,2,0
10225,0,0,0,1,0
20393,0,0,0,0,1
4014,1,0,0,0,0
12209,0,1,0,0,0
4019,0,0,1,0,0
12212,0,0,0,0,1
20411,0,0,1,1,0
12220,4,2,5,7,1
4039,0,3,4,0,0
28616,0,1,0,0,0
28617,0,0,0,1,0
28621,0,0,0,2,0
28625,0,0,0,1,0
12243,0,0,1,1,0
4059,0,1,1,0,2
2042,0,0,0,2,0
28641,1,1,0,4,0
26619,0,1,5,4,0
20456,0,4,0,0,0
4775,0,4,0,0,0
28653,2,5,0,12,0
4078,2,2,2,2,1
12271,2,1,0,2,0
4081,0,0,0,1,0
28662,0,2,0,2,0
12283,0,0,0,0,1
12285,1,2,8,6,3
12287,0,0,0,3,0
28675,0,0,1,0,0
20484,0,0,1,0,0
684,0,0,1,0,0
28687,0,0,1,0,0
28694,2,0,0,0,0
20506,3,2,1,0,0
4125,0,0,1,0,0
28707,1,0,0,0,0
20516,0,0,0,0,2
28710,0,1,0,0,0
12327,0,0,0,0,1
12329,0,0,0,0,1
4147,0,0,2,0,0
20536,0,0,0,4,7
12346,0,0,1,0,0
12352,0,0,0,14,0
4163,1,0,1,0,0
20548,0,1,0,1,0
20549,0,0,0,1,0
12358,0,0,0,0,1
20551,0,0,0,6,0
28744,0,1,0,0,0
20555,0,1,0,0,0
4172,1,0,2,0,0
28752,0,0,0,2,2
28754,0,1,0,0,0
28759,0,0,0,6,0
12379,1,0,0,0,0
20578,0,15,0,0,0
20579,0,0,1,0,0
28774,0,0,0,0,1
20585,0,0,2,0,0
12394,0,1,0,13,0
4216,0,0,0,0,1
4220,0,2,5,2,6
4221,0,1,0,0,0
20608,0,2,0,0,0
20617,0,0,0,1,0
12426,0,2,0,0,0
4235,0,1,0,0,0
4238,0,0,0,2,0
12431,0,3,0,2,0
12433,0,1,1,0,0
20626,0,0,2,0,0
12435,0,0,0,2,0
20630,0,0,0,0,1
4254,0,0,0,6,0
12453,0,2,0,0,2
4262,0,0,0,1,0
4270,1,0,0,0,0
20661,4,0,2,1,0
28855,0,1,0,0,1
4281,0,0,2,2,1
28859,0,0,0,1,0
20668,0,0,0,1,0
7542,1,5,0,1,0
4294,0,0,0,1,0
20679,0,0,0,2,0
12489,0,0,0,1,0
12491,0,1,0,0,0
4300,1,1,0,0,0
4302,0,1,0,0,0
4307,0,0,1,2,0
28885,0,0,0,1,0
20694,0,4,0,0,0
20695,0,1,0,0,0
20701,0,1,1,1,0
12512,0,0,0,0,1
28899,0,1,0,0,0
4324,3,1,2,4,0
4329,0,0,0,1,0
4336,0,0,0,1,0
28924,0,0,0,8,5
12541,0,1,6,2,0
28930,0,0,0,0,1
20747,0,0,3,0,0
4366,0,0,0,1,0
20751,0,2,0,0,1
28945,0,1,0,1,0
4381,0,0,0,3,0
12576,0,0,1,0,0
4389,0,0,1,0,0
6193,0,0,1,0,0
12586,0,2,0,0,1
12588,2,0,0,0,0
28975,2,0,3,1,0
28985,1,4,0,0,0
4411,2,3,1,0,0
12606,0,2,1,1,3
20800,0,0,1,2,0
12610,1,0,0,0,0
20803,0,2,0,0,1
6199,0,0,0,0,1
20823,1,0,0,0,0
4440,0,1,0,0,0
20826,0,0,0,2,1
20831,1,0,0,0,0
12642,0,1,0,0,0
4452,0,1,0,11,0
25318,0,0,1,0,0
12647,1,0,1,1,0
20846,0,0,0,0,1
12656,0,0,1,0,0
12666,0,0,0,1,0
4479,0,3,1,1,0
12674,1,2,0,2,0
19862,0,0,0,0,11
20872,0,1,0,0,0
4491,0,0,0,1,0
749,0,1,0,3,0
12688,1,0,7,9,0
4499,0,0,1,0,0
29077,0,0,1,0,0
29078,0,0,2,1,0
29084,0,0,1,1,0
4510,0,0,0,1,1
20896,0,0,0,1,1
20902,1,0,0,3,0
29095,0,0,0,1,0
29099,0,4,5,21,2
12717,0,1,0,2,0
20918,0,0,0,1,0
12728,0,0,0,0,1
12729,1,0,0,0,0
12736,0,1,1,0,0
12737,0,1,0,2,0
12747,0,0,0,4,0
12754,1,4,1,1,0
12758,1,1,0,0,0
29146,0,2,0,0,0
14415,0,1,2,2,0
4578,2,1,1,0,0
20966,0,0,1,0,0
20979,0,4,2,0,10
12790,0,1,1,1,0
12795,0,0,1,0,4
29197,0,0,1,0,2
29202,3,0,0,3,0
29203,1,5,4,4,0
29213,0,0,2,0,0
25349,1,0,0,0,0
4644,0,0,0,2,0
4648,0,0,0,0,1
29225,0,0,2,0,0
29231,2,1,0,0,0
12853,0,1,0,0,0
21050,0,0,0,1,0
4667,0,0,2,0,3
12865,0,0,1,0,0
21067,0,5,0,2,0
21071,0,0,0,1,2
29265,0,0,2,0,0
4691,0,0,1,2,0
12886,0,1,0,0,1
12888,0,0,0,1,0
21085,0,0,0,0,1
12899,2,0,0,0,0
21092,0,0,1,5,1
4709,0,4,0,1,0
21094,0,1,1,0,0
12914,0,0,0,0,1
21110,0,2,3,5,0
4731,0,1,2,0,0
12927,0,3,0,0,0
4738,0,0,1,0,0
12933,0,0,0,0,1
4750,0,1,0,0,1
29330,0,0,0,2,0
29331,0,0,0,1,0
21140,0,2,0,0,0
29334,1,0,0,0,0
4761,1,0,0,0,0
4762,0,0,0,2,0
2160,0,0,2,0,0
12964,0,0,0,1,0
7622,0,0,0,1,0
10353,0,0,3,1,0
21160,0,0,2,0,0
17180,1,5,0,0,0
12977,0,5,6,6,3
29363,0,0,1,1,0
29364,0,0,0,2,0
29375,0,1,0,0,0
12994,0,0,0,1,0
4807,0,4,0,0,0
4808,0,0,0,1,3
29385,1,0,0,0,0
29389,0,0,1,0,0
4819,0,0,1,1,0
13017,0,1,0,0,0
13020,0,2,1,1,3
805,0,0,0,1,0
21217,0,1,0,0,0
4834,0,0,0,1,0
4835,0,0,0,0,1
21225,0,0,1,1,0
4846,0,0,2,0,0
13039,0,2,0,0,0
21238,0,0,0,0,1
13049,0,0,0,0,2
13054,0,0,0,2,0
29442,0,0,1,0,0
29445,0,0,0,1,2
29446,0,0,0,0,3
13067,0,0,1,0,0
13070,0,0,0,1,0
29465,0,0,1,3,0
13084,0,0,1,0,0
13086,0,0,1,0,0
29472,0,0,0,0,2
29473,0,0,2,0,0
13093,0,0,0,0,2
13097,0,0,0,0,1
13103,0,1,0,2,0
29490,0,1,0,1,0
29505,0,0,0,1,0
4931,0,0,0,6,0
437,0,0,0,1,0
4939,0,0,0,1,0
4949,1,6,7,2,8
21334,0,0,0,1,0
21336,2,9,0,3,2
21337,0,1,0,0,0
21338,0,0,0,1,0
4958,0,1,0,0,0
4960,0,0,0,0,3
21345,0,0,0,1,0
29539,1,0,0,0,0
29547,0,0,1,6,0
6290,1,0,0,0,0
29551,0,0,0,0,1
21372,0,1,0,0,3
21392,0,0,0,1,3
21393,0,0,0,1,0
21315,0,0,1,0,0
5014,0,1,0,0,0
5015,0,1,0,0,1
21400,0,0,0,1,0
13209,0,0,0,1,0
13226,0,0,1,0,0
9031,0,0,0,0,1
21427,0,0,1,0,0
13240,0,1,0,1,0
13244,0,0,0,5,0
5053,2,1,0,3,0
13247,1,0,0,5,0
17228,0,0,4,2,0
13258,0,0,0,1,0
5067,0,0,2,4,0
13265,1,1,0,0,0
5077,0,0,0,1,0
21462,0,0,1,0,0
13272,0,1,0,0,0
5081,0,4,1,0,0
5086,1,1,0,6,0
25424,0,0,0,0,1
13285,0,0,0,1,0
5094,0,0,1,1,0
13307,0,1,0,0,0
21501,0,0,1,0,0
9045,1,0,0,0,0
21511,0,0,0,1,0
5131,0,1,0,0,0
2353,0,0,0,1,0
4953,0,0,2,0,0
21533,0,0,0,2,0
5150,0,1,0,0,0
11781,1,0,0,0,0
17084,0,0,0,0,2
5157,0,0,1,0,0
13354,1,0,0,1,0
5176,0,0,0,0,1
7957,0,0,0,1,0
21565,0,3,3,0,0
5184,0,0,0,0,1
5185,2,0,6,4,0
13380,1,0,0,0,0
21581,2,0,0,0,0
13390,0,0,7,3,0
13394,0,1,0,0,0
21593,0,0,2,0,0
6331,1,0,0,0,0
5221,0,1,0,0,0
28177,0,0,1,1,0
13430,0,1,0,0,0
21628,0,2,0,0,0
21632,0,0,0,3,0
13442,0,0,0,0,1
5254,0,1,0,0,0
13450,1,0,0,0,0
13451,0,0,0,1,0
5264,0,0,1,0,0
15896,0,0,2,0,0
5267,3,0,0,1,0
13460,0,0,0,0,1
21657,0,1,1,3,0
21659,0,0,0,0,1
13471,0,0,2,0,0
5285,0,0,0,0,1
21672,0,1,2,0,3
13483,0,0,0,1,0
21684,0,0,0,1,1
13494,7,0,2,0,0
5305,0,1,0,0,0
5306,1,0,0,2,0
21693,0,0,0,2,0
5310,0,2,0,1,0
5315,0,1,0,0,0
21706,0,0,0,1,0
5324,1,0,0,0,0
5330,0,0,0,0,2
21715,0,0,1,0,0
5334,0,0,0,2,0
5336,2,0,7,1,0
10449,0,0,0,0,1
21739,0,0,1,0,0
13554,0,0,0,4,1
5367,0,0,1,0,0
5369,0,0,0,1,0
21758,0,0,1,0,0
22240,0,0,0,0,2
21768,0,0,0,2,0
18183,0,1,0,0,0
13592,0,1,4,1,2
5403,0,4,0,0,0
21796,0,1,0,0,0
13607,0,0,0,1,0
5416,0,0,0,0,1
5429,1,0,2,0,0
21815,0,0,0,1,0
21823,0,0,0,1,0
5443,0,0,1,2,0
20367,0,0,2,0,0
5445,1,0,0,0,0
5448,0,0,0,0,1
21833,0,0,0,2,0
21838,0,2,3,2,1
21840,0,0,1,3,1
5458,0,0,1,1,0
21844,0,0,0,0,1
21847,0,0,1,0,0
5469,0,0,1,1,0
5470,3,0,0,0,0
5478,0,0,0,1,0
5009,0,1,0,0,0
13672,1,0,0,0,0
21865,1,2,3,6,5
21869,0,0,0,1,0
5492,0,0,0,1,0
21883,1,0,0,0,3
13701,0,1,0,0,0
21899,1,0,0,0,1
22552,0,0,2,15,0
21911,4,1,0,0,0
5529,0,0,0,1,0
21919,0,1,3,1,0
21925,0,1,0,0,0
13734,0,1,0,0,0
13737,2,3,0,1,0
21930,0,2,3,0,3
21936,0,2,0,0,0
13745,0,0,0,0,1
5557,0,1,0,0,0
21946,0,0,1,0,0
13757,0,0,1,0,0
21950,0,0,0,0,1
13765,0,0,0,1,0
5574,0,0,2,0,0
21962,0,0,0,1,0
13776,0,0,1,0,0
13778,0,0,0,0,1
13779,0,0,0,2,0
5590,0,0,1,0,0
21975,0,5,0,1,0
13784,0,0,2,5,0
5593,2,0,0,0,0
5594,0,0,1,0,0
13787,0,0,1,1,0
5598,1,0,2,3,0
21983,2,0,0,0,0
13795,0,0,0,1,0
934,0,1,0,2,0
11857,0,0,1,3,0
21995,0,1,0,1,1
21996,0,0,1,0,0
5619,0,0,1,0,0
5620,0,0,0,0,2
5625,0,0,0,2,0
5627,0,0,0,8,2
13830,0,0,0,1,1
5639,0,0,2,0,0
5640,0,0,0,0,2
22027,0,2,0,0,0
22029,0,2,0,2,0
13844,0,0,0,0,2
22043,0,1,2,1,0
5660,0,1,0,0,0
13853,0,0,0,0,1
5667,1,0,0,1,0
17647,0,0,0,0,1
13872,0,0,0,1,0
5043,0,4,3,3,0
13878,0,1,2,0,0
948,0,0,0,2,0
13883,1,0,0,0,0
3190,1,1,0,0,0
13888,3,0,0,2,0
13891,0,0,0,1,0
22087,0,0,0,5,0
22094,1,4,0,2,0
22095,0,0,1,0,0
5712,0,0,0,0,2
22099,0,0,1,0,0
5724,0,0,0,0,1
22113,0,2,0,0,0
5736,0,1,0,0,0
22126,3,2,0,6,1
13942,0,1,0,0,0
5764,0,0,2,0,0
13962,0,1,0,0,0
13971,0,1,0,0,0
13975,0,0,2,1,0
22179,0,0,2,3,0
5797,0,0,0,2,0
5799,0,0,6,0,0
5803,0,0,0,2,0
13998,0,0,1,0,1
5814,0,3,1,0,0
14011,0,0,0,1,0
22204,0,0,1,0,0
7286,0,0,0,2,0
22211,0,0,0,0,1
14020,1,4,21,12,4
5833,3,0,1,1,0
5834,1,0,0,0,0
5845,1,0,2,1,0
5848,1,2,1,3,3
14048,1,0,5,0,0
22244,1,0,0,0,0
22246,4,7,6,0,0
5863,0,0,0,2,0
14065,0,4,0,0,0
5876,0,0,1,0,0
14073,0,0,0,0,1
14074,0,0,0,0,1
5883,0,0,0,10,0
22269,0,0,2,0,0
22280,0,1,4,7,0
14097,0,1,0,0,0
5912,1,0,0,0,0
7812,0,0,0,4,0
22306,0,0,0,0,1
22307,0,0,0,1,0
14119,0,1,1,0,0
14120,0,0,0,0,1
22313,1,0,5,0,0
22317,0,0,0,1,3
5936,0,1,0,0,0
22321,0,0,0,2,1
22342,0,0,0,0,2
14153,1,0,13,1,0
14159,0,0,0,2,1
14161,0,1,0,0,0
14165,0,0,0,0,2
22359,1,4,2,1,1
3313,0,0,3,1,2
22365,0,0,1,0,0
14174,0,0,0,5,0
22371,0,1,1,0,0
14182,1,0,2,0,0
1000,0,1,0,0,2
28409,0,1,0,0,0
12475,0,0,0,0,1
22393,1,0,0,10,0
22400,0,0,0,0,1
14209,0,5,0,0,0
22405,0,1,0,0,0
14226,1,1,0,0,0
14227,0,0,1,0,0
14233,0,0,0,1,0
2929,0,0,0,1,0
14240,0,0,0,1,0
14242,0,4,0,0,0
6051,0,1,0,0,0
2374,0,1,0,0,0
14248,0,1,0,0,0
6057,1,0,0,0,0
22442,0,0,0,1,0
22447,0,0,0,1,0
14261,5,13,9,11,2
14265,0,2,0,7,1
14266,0,1,0,0,0
6080,0,0,0,1,0
14273,0,0,0,0,1
14276,0,0,1,0,0
6096,7,0,0,2,0
6098,2,0,0,0,0
14292,0,0,0,2,0
6101,2,0,0,0,0
14294,0,2,0,5,0
17401,0,0,2,0,0
6104,1,0,1,2,1
22489,3,0,0,0,0
6113,0,0,0,2,0
14319,0,0,1,0,0
22523,0,1,0,0,0
22529,4,0,0,0,0
6147,0,1,0,0,1
6148,0,0,3,0,0
6152,0,0,2,0,0
6154,0,0,0,1,0
6158,1,0,5,0,0
22547,1,1,0,1,0
6167,1,0,0,0,0
14360,0,2,0,1,0
6171,0,0,0,1,0
22556,0,6,0,0,2
6174,0,0,0,1,0
6175,0,0,2,0,0
14381,0,0,0,0,1
6190,0,0,0,1,0
22577,0,1,0,0,0
22583,0,1,3,2,0
14393,0,1,0,0,0
6203,0,2,0,0,0
6211,0,0,0,0,3
14408,1,0,0,0,0
6219,0,0,0,0,1
22607,0,0,1,0,0
22609,0,0,1,0,0
9230,0,0,0,4,0
22621,0,3,0,0,1
6242,0,0,0,1,0
28347,0,0,0,1,0
6246,0,9,1,0,0
22633,0,1,0,0,0
14695,0,0,0,0,1
14446,1,0,1,0,0
14451,0,0,2,0,0
6505,2,0,0,0,0
14470,0,0,0,2,0
22664,0,0,0,5,0
6287,0,2,0,0,0
14482,1,3,2,2,0
14486,1,1,0,0,0
14490,0,0,1,0,0
6299,0,0,1,0,0
6305,0,3,0,0,0
14498,0,0,0,1,2
6326,0,0,0,1,2
5151,0,0,0,0,1
14525,0,0,0,1,0
14526,0,0,0,1,0
18805,2,14,5,2,0
14533,0,0,0,2,1
22727,0,0,0,3,0
14536,0,1,0,0,0
22732,0,0,1,0,0
6352,1,0,1,3,1
14712,0,0,0,0,1
14550,2,0,0,0,0
14554,0,0,0,0,1
6364,0,0,0,0,1
22749,0,6,1,0,4
6374,0,0,0,1,0
14567,0,1,0,0,0
14573,0,1,1,0,0
14575,0,0,0,0,3
14580,0,0,3,3,1
14581,1,0,0,0,0
1065,0,0,0,1,0
6395,0,0,0,0,1
14588,0,0,0,1,0
6398,0,0,0,1,0
16085,0,0,1,0,0
14596,0,0,1,1,0
14603,0,0,1,0,1
10627,0,0,0,0,1
6431,0,0,1,0,0
14625,0,0,0,2,0
14626,0,0,0,0,1
6447,0,1,0,1,0
22836,0,0,0,0,1
21078,0,0,0,0,1
22843,0,1,0,0,0
22846,0,1,0,0,0
27019,0,0,0,1,0
14661,0,0,0,2,1
14666,0,0,1,0,0
22880,0,0,0,1,0
6498,0,0,0,1,0
14694,0,4,2,6,0
22887,1,0,0,0,0
22889,0,0,0,1,0
22894,0,0,1,0,0
6520,0,0,0,2,0
27028,0,0,1,0,0
22908,0,0,0,1,0
4626,0,0,0,1,0
22915,0,1,0,0,0
22916,0,0,0,1,0
2455,0,0,0,1,0
6542,0,0,1,0,0
6543,0,0,0,0,1
6546,1,0,0,0,0
6548,0,4,0,0,0
28399,0,0,1,0,0
22946,0,0,1,0,0
22947,0,0,1,0,0
22950,0,0,4,0,0
6571,0,3,4,5,1
22963,0,2,0,0,0
14780,0,0,0,2,0
22973,0,0,0,1,0
14784,0,0,0,1,0
14788,0,2,0,0,0
6597,0,0,1,0,0
14794,0,0,0,1,0
14795,0,0,1,2,0
14796,0,1,0,4,0
22989,0,0,0,1,0
22994,0,1,0,0,0
22999,0,0,0,1,0
6621,0,0,3,1,0
23007,0,0,0,0,1
14818,0,0,0,1,0
23013,0,5,1,1,0
6630,0,0,2,0,0
23019,1,0,1,0,0
11951,0,2,0,0,0
6655,0,1,0,0,0
6656,1,0,0,0,0
14853,0,0,0,1,0
6665,0,2,0,0,0
6672,0,5,3,0,0
14873,0,4,0,0,0
23071,0,0,0,1,0
14887,0,1,1,0,0
14894,2,0,1,1,0
14902,0,0,10,3,0
27060,1,2,0,0,0
23103,0,0,0,1,0
6724,0,0,0,2,0
14917,0,4,0,0,0
14922,0,1,0,0,0
6731,0,0,0,3,0
6734,0,0,1,0,0
23120,0,1,0,0,0
6737,0,0,0,0,1
14930,0,0,4,0,0
6740,0,0,0,0,1
6741,0,0,0,1,0
11954,0,0,1,0,0
14942,0,0,0,3,3
6757,0,2,0,0,0
23143,0,0,5,0,0
14952,0,0,0,0,1
14956,1,0,0,0,0
28049,0,0,0,0,3
23157,0,1,0,0,0
14969,0,0,0,5,0
23164,0,0,0,0,1
6783,0,0,0,0,1
14976,0,1,0,0,0
12055,0,2,0,4,1
6805,0,0,0,1,0
23198,2,0,0,0,0
23202,0,0,1,0,0
7963,4,0,0,3,0
6820,0,1,0,0,0
23206,0,0,0,1,0
23207,0,6,0,0,0
15018,0,0,1,3,0
15019,0,0,1,10,11
6828,0,0,0,0,1
15021,0,1,0,0,0
23214,0,0,1,1,1
15024,0,0,0,0,1
6839,1,1,0,0,1
6840,0,1,0,0,0
23235,0,1,0,0,0
23236,0,1,0,0,0
6856,0,1,0,0,0
23241,0,0,1,0,0
23251,0,3,0,0,0
6868,0,0,1,0,0
15065,0,0,0,3,0
23260,0,0,0,1,0
6880,3,1,2,0,0
15081,0,0,0,1,0
15086,0,2,0,0,1
15089,0,1,0,1,0
23284,0,1,16,0,2
23285,0,0,0,0,1
15094,0,0,0,2,0
16169,0,0,1,0,0
15096,0,0,0,3,0
6908,0,0,0,1,0
6911,1,0,0,0,0
23304,0,0,0,1,0
6927,0,1,0,0,0
15125,0,0,1,0,0
15138,0,2,2,6,5
6947,0,1,0,0,0
6951,0,2,0,1,0
23340,0,0,0,2,0
23342,1,0,0,0,0
15159,0,0,0,1,1
6968,0,0,1,0,0
6980,0,1,1,0,0
15173,2,0,0,0,0
6988,7,0,0,1,0
17550,0,2,0,0,0
15192,1,0,0,1,0
7004,0,1,1,0,0
7007,0,1,0,0,0
15200,1,0,0,0,0
16873,0,0,1,0,0
23403,0,0,2,0,0
23407,0,2,0,0,0
23409,0,0,0,0,1
7026,0,0,0,1,0
5268,0,1,0,0,0
7037,0,0,3,0,0
7038,0,0,1,0,0
15231,0,0,0,0,1
15233,0,0,0,1,0
7045,0,3,0,0,0
7048,0,1,0,0,0
23433,0,0,0,1,0
15249,0,1,0,0,0
7059,0,2,2,0,0
7061,5,0,3,8,0
23448,0,0,0,0,1
15258,0,0,2,0,0
7070,0,2,1,1,0
7071,1,1,0,2,0
15269,6,0,0,0,0
7080,0,0,1,0,0
23465,0,0,0,0,1
23470,0,0,0,2,0
7089,0,1,0,0,0
23475,0,0,2,1,1
3913,0,2,1,0,0
23480,0,1,0,0,0
23482,0,3,2,0,1
7105,0,10,4,0,7
23492,0,0,0,1,0
15302,0,0,0,1,1
15307,1,0,0,3,0
15308,2,0,0,0,2
15311,0,0,0,1,0
15315,0,4,5,6,0
7127,0,3,0,0,0
15322,0,0,0,2,0
7150,0,0,2,0,0
15344,0,0,1,0,0
15345,0,0,1,0,0
23538,0,0,0,0,1
23549,3,5,4,0,1
15359,0,0,0,1,0
7169,0,0,0,0,1
7173,0,0,0,1,0
23563,0,0,0,0,2
9389,0,0,0,1,0
7186,0,1,0,0,0
24409,0,0,1,0,0
15390,0,3,0,1,1
23584,0,0,0,3,0
15395,0,0,0,1,0
7208,0,1,0,6,0
15405,0,0,3,2,0
15414,0,0,2,0,0
23612,0,1,9,0,0
7230,1,0,1,4,0
15423,0,0,5,1,0
7233,1,0,0,0,0
23622,0,0,1,1,0
15432,0,0,4,0,0
15434,0,1,0,0,0
23628,0,4,3,11,1
7248,3,0,0,3,0
7260,4,0,0,1,2
23656,0,0,4,1,3
23662,0,4,0,0,1
23669,0,1,1,0,0
15478,0,0,1,0,1
23676,0,1,0,0,0
7297,0,0,0,2,0
23698,0,1,1,1,0
15514,0,0,0,0,1
7323,0,0,8,0,0
17606,0,2,2,2,0
3954,0,2,0,0,0
15534,0,2,1,0,1
23735,0,0,0,0,4
7354,0,0,1,0,0
7356,0,0,2,0,0
15549,1,0,0,0,0
7360,0,0,1,0,0
23748,0,1,0,0,0
7380,0,0,0,0,2
23774,0,0,0,1,9
15584,28,1,0,0,1
23779,5,4,5,7,0
23781,0,0,0,3,0
23782,2,1,0,0,0
23783,0,0,0,1,0
7400,0,0,0,3,0
7409,0,5,1,0,0
15602,0,0,1,0,0
7411,1,0,0,0,0
15617,0,1,0,0,0
7432,0,0,0,2,0
15631,0,0,12,0,0
23826,0,0,1,1,0
23829,0,1,0,0,0
15638,0,0,0,0,2
23831,0,0,0,1,0
15645,0,2,0,0,0
7456,0,0,0,2,0
7465,1,0,3,0,0
7467,0,0,1,0,0
15661,2,0,2,0,0
23861,0,4,0,4,0
7479,1,0,0,0,0
15672,0,1,1,0,0
15681,0,0,0,1,0
15686,0,0,3,0,0
23884,0,0,0,1,0
7511,0,1,0,0,0
23896,0,0,0,0,4
12175,0,0,0,0,1
7522,0,0,1,0,0
23907,0,0,0,0,2
15716,1,0,0,0,0
15718,1,0,0,0,1
15721,0,0,0,0,1
15734,0,1,0,0,0
23928,4,8,2,4,2
15741,0,0,0,1,0
7552,0,2,0,0,1
7560,0,1,0,2,0
7567,0,0,0,1,3
7572,0,0,0,1,0
7576,0,0,0,2,0
25839,0,0,0,1,0
15784,2,0,0,0,0
12189,0,0,0,0,3
23984,0,0,0,1,0
7606,0,0,1,0,0
15799,0,0,3,0,4
7611,0,1,0,1,0
7613,0,0,3,0,0
7616,0,0,1,0,0
15811,4,0,0,0,0
7620,0,0,0,2,0
15814,0,0,0,3,0
7624,0,0,0,0,1
24009,0,0,0,0,1
7626,0,0,0,0,1
24015,0,0,0,1,0
15828,0,0,0,2,0
15831,0,1,0,1,2
15838,0,1,0,0,0
7654,0,0,0,1,0
6738,0,0,0,0,1
15859,2,0,0,0,0
15860,0,1,0,0,0
24054,0,0,0,1,0
24059,1,0,0,0,0
24060,0,3,0,0,0
7680,0,1,7,0,0
9472,5,3,3,0,0
15874,0,0,1,0,0
24070,0,0,0,1,0
7692,0,0,2,0,3
15887,0,0,1,0,0
24081,0,0,0,0,3
24083,0,0,0,0,1
24087,0,0,1,0,0
24088,0,0,2,0,0
7706,0,0,1,0,0
15907,0,0,0,2,0
15911,1,0,0,3,0
19036,0,0,0,1,0
15918,0,1,0,0,0
15921,1,0,1,0,0
15924,0,0,0,2,0
23134,0,0,0,0,1
1197,0,0,0,1,0
7737,1,1,0,2,0
15931,0,0,1,0,0
15934,4,1,2,0,0
15935,0,1,0,0,0
7747,0,1,0,0,0
15946,0,0,0,1,1
7762,0,0,1,0,0
15959,0,0,0,1,0
5987,0,0,0,1,0
24172,0,3,0,0,0
24177,0,0,0,1,0
24178,0,1,0,0,0
15988,0,2,0,0,0
15992,0,0,0,1,0
18843,2,0,1,0,0
24193,0,1,3,7,0
24194,0,0,0,1,0
24196,0,4,2,8,0
16009,1,1,0,0,0
7822,0,0,0,2,0
7827,2,0,0,2,0
7850,0,2,0,2,0
7856,0,1,0,0,0
24242,0,1,2,0,0
7868,7,22,46,41,8
24258,0,0,0,0,1
16067,1,0,0,0,0
24274,0,0,0,0,2
24277,0,0,1,0,0
24281,0,0,0,0,3
16096,0,1,0,0,0
16100,2,0,0,0,0
16110,0,0,1,5,3
24306,0,0,3,0,0
24307,0,0,0,1,0
16116,0,1,0,0,0
7927,0,0,0,0,1
7936,0,3,1,0,0
24325,0,0,1,0,0
7943,0,2,0,0,0
24334,0,1,0,0,0
24340,0,1,0,0,0
24341,0,2,0,0,0
24344,0,0,0,3,0
16154,0,1,0,0,0
16155,0,0,1,0,0
24352,0,1,0,0,0
7975,0,0,1,0,1
7977,0,0,1,0,0
16176,0,0,1,0,0
16177,0,1,0,0,0
7989,0,0,0,0,1
7990,0,0,1,0,0
7997,0,0,0,5,0
9525,0,1,0,0,0
24385,0,0,0,1,1
8005,0,0,1,0,0
24392,0,0,0,0,1
16217,0,0,1,1,1
8027,0,0,6,1,0
8028,0,0,0,1,0
24415,0,0,1,0,0
24417,0,0,1,1,0
24427,0,0,1,0,0
8049,0,3,0,0,0
24434,0,1,0,0,0
16243,2,1,0,0,0
16361,0,0,2,0,0
24440,0,0,1,0,0
8058,0,0,0,1,0
24447,1,0,1,1,0
24459,0,1,2,0,0
24460,0,0,0,0,1
24461,0,0,6,4,0
24471,0,0,0,1,0
8089,0,1,0,0,0
24486,0,0,2,0,0
16300,0,0,0,1,0
16302,0,1,1,0,1
24503,0,11,0,1,0
24506,0,2,0,0,0
24507,0,1,0,0,0
16373,0,0,0,1,0
24514,0,0,1,0,0
16323,0,0,0,0,1
24517,1,0,1,0,0
24519,0,1,0,1,0
16331,0,0,6,0,0
25933,0,0,0,3,0
8148,2,2,2,0,0
24534,0,0,0,1,0
16343,0,0,1,0,0
24541,0,2,2,3,1
25641,1,0,0,0,0
24553,0,0,0,1,0
8171,0,0,1,0,0
8173,0,0,3,0,0
28669,0,0,0,1,0
24565,0,0,0,1,0
19113,0,0,0,0,1
16376,1,0,0,0,0
24571,5,0,0,0,0
