6400000|||2452,22371,3536,18712,15258,9567,26737,3313|2452,2600,15065,28270,20551|2452|2452,2452
10112000|||||6839|
5226500||23829,7868||3627||
5279750|14956,20386,6880||3228|2368||
981000||12737,12394|11176|14153,27160,12394,14020||12394
9123500|26789,13888,10176,7061,4324|18678|7080|14694,2610,12168|15138,3433,20846|
3903500||||1392|15514|
1140750|2251|1293,27912,27060,19421,24172,23782,5736|17823,22313,25651,12541|14261,6741,15395,7868||
5034000|||7465|||
6872750|||||20393|
8628250||15390|8630|29465|20979,28481|
6996000|16067|6305||13754||
393250||519|4949|2891|20154,22306,13093|
4259500||3135|9111,23628,12541,8005,15315|11018,29099,11176||
190500|||4281,18465||20751|
1118250|7061,27346,18967,15584,13494|3626,8278,14294,7070|8278,6672,5661,18712,24306|26665,10970,11176,14794|19096,3068|8278
5011500|6331|23013||11196,22280,13749,27092,23779|20180,6219|
1365000|13737||14580|||
7016500|1366|24193|||26546|
3795000||||12352,29099||
1528500|26585,1505|22749,12977,646|18466,5799,22280|23781,18736,28370,21092,7248|26546,23774|
2076000||||24886||
4317250|4172,8338|22029,18628|12173,5619|15159||
9079500||||7208,24447,25272,15741,25669,4691,11022|27314,7868|
11847750|||3555|||
8573000|||2323,6158,19828||28049|
9394250|3228|28899,569,15390||17060,17087,14894,29203|19014|
1767500||20180,27977,619,7409|||14626|
10578000||12736|18227,29213|26523|14073,13778,20896|
8327250||14917||||
2492500|19005||16939||20979|
9076750|||3665||17748,18575|
11761750|554,28975||3913|||
1319000||||599,5797|10449|
7320250|26728|26728||||26728
3014750|28166,24922||13471|7868,2353|18558|
764000||||15081,16300|18990|
3114000||||23928|21092,20536|
4454500||28184|4059|26699,27117|15019|
7323750||3458|11196|27019||
252500||18805||23826,23861,15089,14011|6199,23656,18544|
3350250||24765||3409|18736,1672,3384,25420|
11782250||7127||18002||
1904750|||||9138,27314,23928|
8102000||||21110|768|
8049000||22749,21094|5067,26180,14319|14240,14821,1704|4582,17664,3850,20979|
3035250||||11080||
7184500|2159,28463,27791||24517,7868,16939,6352|7868,10193||7868
10619000|||12647|||
7600250||||11176,25570,24869|3228|
4902250||23628|2323,27111|4709,14360,8207||
969750|14020||2963|3047,17823,2367||
4059500|||16463|805,28465,16463|12159|16463
11972750|7260|28855,7936|647,15631,4846,17972|21693|954|
10234000|||4039,8692,3719,28975,14020,11524,24409|25570,14261,25086,9111,15019,28653|10970,19402,9111|9111
2704750|||5764,3658,16483||13592|
10393750|17531|3438|29265,2437|||
4047000||18712,22043|26737|3983,7208|29446|
418500||18002||15138||
12142750||9834||||
7588000|||28975|17470,28975,10329,28653|7105|28975
10713250|1031,14446|22633,617||11220||
3031750||21565,13878,15988,11263|7323,27198,19772,2783,29099,27501|18131,16406,26288,12977,14020|16110,18388|
5187750|||1481|||
1966250||7186|3228,25260|||
10297000|27056|18075||25058||
8163500||26959,28438,22621||18868||
1531250|4078,6546||22179|22442,10247,7026||
8216750|||||24281|
2232500||14261|6431|24929,11000,26516|11060,679|
2797750||28270|3658|||
3363000||||15315,25742,18868||
4184250|23928|28710,4949,241,11687|8689,178,241|11196,4949,14020|241|241,241,4949
12173500||9817|22607,554,3627,15534,15405|554,3627,21110,15405,28184,1325,28370||554,3627,15405
4907500|||24196,23622,9709|11196,6374,5086|8775,8965,11060,5712|
3266750|10066,3228,13888||||5416|
9720000|||29442,2771|13830||
12386500|||2367|||
887500|||18946,11080|||
10628500|18612,26972,15784,27117|5652,9846,7943,4039,23928,11524,6820,10258,26005,398,28535,9392,20386,23549,3185,21336,20751,15988,21930,24944,7045,7059,16463,27117,19632,2476,4807,17094,14486,14294|2945,6868,27035,7037,8483,22313,12285,18736,26619|25386,18075,14233,27791,28641,28945,20297,24869,13784|12013,12159,3324|27117
4716750||25820,2683|25318|29202,13784|8511,2963|
4680000||||16463||
5697750|||2367,16396|23273,476,27791||
282500|9899|8818,12055|3850,2683|12055|1962|12055
4304250|27328|1155|14902|10999,7868,24929,16846|679|
7190750||||9413,14526|27791|
3404000|1385,22246,15911,29,905|18273,8446,3627,22246,6246,27791|22246|||22246,22246
11874000|29203||12220||4220,18180,1282,13844,4510,10014|
8051750|||7936,29389|||
12065000|2270|12453||||
5910250||28525|28525|||28525
854250|8943,4571|9881||||
2187500||29203|6158,23628|27394,23628||23628
5655250||16500,15645,3228|14048,9131,23669|3702|11196|
10944750|||7150|19673,25372,28752||
11169500||19217|953,2198|19277,4220,10014||
10539250||10176,2812|14020||1461|
1338750|360,9620|12586,6571|845|||
9163000|6096|26576|7977,11482,5594,11080|23475,6571||
11936000||28470||13020||
8149250||215,2367|12162|24015,11679,11196|11679|11679
5898500|||17732,15921|23433|7105|
7797000||11196,6447,13942|6571,12754|||
4115500|21899||26619|6731,14470||
9802000|||21501|5883,24601,12888||
439000|6104|16821,24060,3362,4221,2198,3228,647,1041|16821,11499,3390,7868,25415,6104|26404,25415,12287||16821,6104,25415
11391250|||||28924|
745750|7827,4578,7230|19339|3228|24869|21071|
799000|8278|24341,27791|21946,16331|29099,3555,25839,24553||
2132250||||14159||
5108000|15718,10193|22556,27659,3627,22359|10532,12346,29203,4571,7070|155,15094,29547,4254,14020,23628||
9513250|9195|12583,23861|414,18024,23928|20800||
5726500|||17244|13779,14470|23465|
4809000||24178,1461,9193,27637|||22211|
1441500|||27508|||
3326250|8943|24459,18712|614,27389,20154,4163,17232|10866,9389,9479||
8243500||3047,949,4479,11776|14048,29099|4949,24869,18075,4931,11196||
2920750|15173,7071,11864,26699|23407,22359,17081|27155,12285,13757,14119,16302,8669|15946,29490|22400,23538|
3742000|2669,26168,5336|14482,11357|21847|23656,7297|13020|
848500||2000,19891||259,7286,23628||
2771250||28744,12606|14694,2513,2963|1494|476|
847750||||21684|18024,12728,28169|
10773000|9486,8724,18736|14922,19615,9846,20608|28124,12977|2257,11889|2999|
9437500|15584|28662,22280|489|7208|15718|
4370750||1666|16343,4078|23628|15638|
9288000|19394|||2971|11328|
9394500|6880,11670,20661|22371,26546,18491||26712,15018,29099,16540,14588,23781|29472,8965,14533|
12061000|||8628,16463|||
10322250|||28967,1880,5185|10702|1731,18575|
7361250||28410|24541|||
4850000|||4731|614,11605|12512|
11612500|16672,29334||18075|18741|5848|
3684750||16754,16463|16754|||16754
145750||7409,3847,24242|11196,24242||11578|24242
7367000||155,21975|7061,11888,18730,15686|17945,13607,11083,143|21336,20297|
10492250|3228,26464|11061,23662,8996,18217|4949,24984|20045,24984|28752,12606|24984
11579750||||15217,12688|8410|
6257000|530||3740|14795,12285,16540,23628|22749,23563,21071,11849,23628|23628
1446250||18712,700,7105||1155,14525|23482,20297|
6619500|16952|5221,15934,15089|1917|21067,3627||
10768750|||6672,4683|19993||
10264750||29203||||
10566000||7868|11204,3854|||
6497000|18233||20747||7927|
11440500|7411|6571,20608,15584,14226,2179,7936,26576,1803|4731,16540|||
725000||||20902,17835||
10756500|26972,6656|26771,17706|||14942|
5968250|||29099,21840|16406,26516|13097|
1046250||10678|6621,27791|18196||
4392000||2610||||
1181250|7465|7208|29213,23284,16169,27390,22749|8339,8058||
4186500|||27092|||
12229000|12588|||17389||
1629250|||24196|24601,9120,29099|21392,19891,18024|
5220750||||28438,8689||
6780500||29099||25676,10893,4571||
5999000|||14666,5081|14265,10908|26523|
12239250||26288,20519,15838,14536|5856|12271|25618|
3588500|530,23782|27251,23779,21336|18712|7432,8637,4644||
5248750||||28924|27035|
11321750||24907|29547,11730|4262,29330,4238,22880,7997,15390,4294,6242|28481,19891,21672,13745,9906,10879,27205,12358,21684|
10095000|2836,8278,26699|14261,19973|14261,13494||16624|14261
8100250|22489|7868||||
11225500|24869,23342,8628|25960,4731,16463,13020||||
1806750|||6621|20701|26394|
1911500|10872|18730||21815||
10052000|12610|12754|7680,22280,21110|11696,22126,143,3093|22126|22126
7545250|||11679,3228|13891|14381|
7854500|22244,530,20207|24352,8278,12977,527|7323,14902,4571,20484|2421,11080,12285,19217|4949,7552,527|527
10521000|19105,9045|6856|9472,21315|17920,7868,10225|18612|
8430000||27328,10480||||
8280500||13971||17972,16674,19||
3981750||27791|5185,22280,3228,23143,27791,15602|25386,6520||27791
5059000|||19102,16668,9195|||
5024500|||15138|17748,14265,528,29084,21110,13888,9802,12977||
6957500|14153|2374,23861,9111|24898,24417|22029,27448,1065,16722,12754||
4557250|||27228,21996|||
3895750||||5469|12475,12933|
9069000|28017,11864||17405,28017,9620,17446|11456,24534,22393,3677,19217,19937|28017,15302|28017,28017
5847500||||29505|21865,28504|
11129250||11080|||949|
4876750||||11378|949,11431|
9794000|10368||642|9301||
6572500||17945||29099||
1710500||||14780|28065|
11340250|||25329|14294|26973|
12417500|7963,15173|16913,15831,29099,3438,12717,8689,10082,17959,18024,16096|1731,7061|5478,16406,15138,8689,24819,7963,16846,3983,24601|28411,10570|8689,7963
5952250||||5067,5094||
3954500|15584|15860||||
4844000|15934,21983,12899|24196|27396|7868,5598|28362|
1622500|12285,8148|8148,24911,22027,14020|7522,19381,19179|18771||8148
3723750|4078,12271,25372,5598|4078|4078,14020|3406||4078,4078
3009000||||5627,12964,11000,17732,22393,8724,1507,28347,27117,15019,7230,2033|5627,12327,21840,8724,19014,14695,28411|5627,8724
1782250||14788,12143|18024,5845|14415,2568|24460,155|
3511000|||||19651,13020,14020|
3719250||||17150|4960|
10592750||25488,646|15934,3804||13093|
11158000||360,21930,5043|25169,8637,21657|26422,239,7868,12076|28876,21930,239,6738|21930,239
1194750|25366|3068|7037,25366|20551,23103,83,12737,7827,21092,8637,3627,24669,7400,5306|25169,679,4059,27052,6543|25366
8757750|||18024||24601,26288|
4631250|15934|13103||29099,20896||
10592000||19973,6951||1335||
1909250|12729|4411,26523,14209,10014||15992,504,18180,10014,24645,23470|20516,6326,504|504,10014
5751500|24869|26434,15086,5268,23928,14873|2033,15896,7004,21094,12977|5336,1392|11679,19680,25488,24878|
7445000||||18075,16463||
9706000||3809|19431,29363|29099,25933,13765,742,11487,23340,12168,20297,22094|6364,849,9612,6740,12168|12168
1063000||||24929,20551,530,22280,24196,15019|28481,14165,22749|
4895250|7248|25670,12068,9152,20694,21067,23779|28418,11638,15478,15423,19166|24541,16624,26308|1335|
1620500|5445,5833||5833|5833|1195,28774,23735|5833,5833
5769750|20147|24503,16116,4440,16818||18731,2455|26614,143|
7103000|||5574,11080|15423|12586,23662,15019|
9972250||||7963|15138|
10972250|13672|12491|23779|||
5780000|15584,10702,18736,21336,17061,7061,22313,19458,2128,5912,26789,26160,22529,17959,15811|18712,10325,20190,5814,155,15021,14261,13734,17214,25651,20979,15534,10014,21336,22556,8842,4411,9111,12209,11328,26583,14917,7071,2291,27955,26523,19421,14065,7856,7059,17959,15315,4807,25510,11524,23928|539,17214,22313,18515,7037,1461,5157,21979|23781,21092,21071,17061,27257,15315,11022,471,29224|2173,17061,1000|17061,21336,17959,17214,22313,17061,15315
8649250||6571,16939|2826,18024|||
9982500|16009|||542,20800||
10257500||||10893|4281|
5539250|||||155,7868,8689,11983,18075,24258|
776750|2128,14182|20695,18730,22359|27401,3228,29084,18388,26006,22043,14153,21146,19829,9991,2963|12717,4329,26699||
371250||||7620,25596,21110||
3293750||12758,7070,25193||26523,18075||
434750|21911||4571,6542,27511,12656,3228|4571,16972,19973|19394,6104|4571
12008000|||20979,16331|14261|24274,17647,25618,4960|
2940000|2683|18835,11767,12220|24486,11767,25086,25260,2683,26722,12168|11272,24519,14580,26722,12168|11767|11767,11767,2683,26722,12168
9351750|11080|11080,2891|20626|17921,14580|28930|11080
2975500|11329,14226||16670,19745,14153,12680|12352,5086,14902,16406||
3249250|2513|28641||26394||
10642000|||11176|10999,20536,26728,21334,1966,3627,23831,27625,25427,7576,5053,25570|16754,20536,251,9782,7567|20536
12231250|||||27155,28149,24274|
12028500|||13390|16540,13390,15311,21975|21392,18496,11196|13390
12337750||||21092,13888||
10598500||||11776|24385,155,7105,14165,9563|
9628250|||23779||18024|
8145500|||||18124,21883|
4102750||22523|20585|26843||
10609250|28694|7409,20979|8693,19702,21919,5598||5330|
6683750||29203||2826,17945,29203,5267|10169,29551|29203
731750||11196||15924|9195,7692|
10513000||6147||||
10054250|1079||19660,4667,11159|19660,1079,20297|19660,4667|19660,4667,19660,1079
2480750||20979,18172,22843,15249|22946|||
5915250||2367|2367||15138|2367
1104500|||2683|14294|18678|
10885750||23676||||
6848000|||12977|23622,8816,24601,26619||
9716500||20694|13086|28065,6908||
3846250||1080,2826,11882|23143|16722,11679|15584,8719|
7002750||1481,5081||||
4399750||23207||||
1381000||17958|22099,27637|14261,25329,29099,8724||
8346250|||6734,16939|||
2253250|28975,9220,1031|527||437||
1688750|12220||12220|12220,7248,19671|3145|12220,12220
6458000|||1681|||
4063000||14573,19974||19974||19974
6564500|||4949,14902|18730,16406,29095,11790,11612,11176,26576,12977|21950,12977|12977
12016750|18741,9671,7061,27437,15784,15584,5661,18612,28653,7248|3647,11849,1000,18353,4807|24277|12078,28662||
3396250|16939|15138|29077|||
12004000|15307|7680,12754,16463,5081|18958|15307,10452|18683|15307
1561250||989,7096|8495|14261,21511,24307,22973,12352,17706||
3001000||24780,4571|14902,679,11080|21995||
3054250|7248||14020,3151,9563|11931,29203,12285|5448|
6172000|7827||24704|||
4035250|11159||9340,3423,3185,8630|27539||
2808500||7560||||
3216500|||18697,26121|20548,8028,21146|28992,2963|
2968250|18758,27625,28985,4578|17331,1831,18805||8637,16463|11624,14273|
4475750||12068,18024,24944,1803|25651,27401,13592,9671|4281,8689,3719,20551,13592,259,23774,18805|4949,19113,20536,2227|13592
4770500|6988|10404,27191|28975,5876|15315,24196,9165,24869,5797,18075,20297,4808|2610|
1792000||6203||16540,9301,23214|20630|
3799500||||21768||
2626250||25193||20206||
5239500|16939|14360|14153|||
4073250||||12271,27415|22836,27415,17153|27415
12204750||||21533,7963,6571||
892500|15217,17180,12688|239,3647,17180|18741,23403,2669,18805|10306,17446||17180
9979000|20661,6096|251,8628||||
5143250|28641|6287,19457,16609,10949,26614|27567,14482,12736,26394,23549,6880,5429,18542,9563,13067|29547,20411|23549|23549
3148500|27346,19258,5306,14894|155,28270|16217,28508|22126,7620,16217,4762|16217,12795,28561|16217,16217
6412750||5014||14580,7208,3719,12666||
11137750||||934,24669,12068,24869,22447|19891|
12215000|28463,20831|18743,6672|6672|9363,8637,14942||6672
1110750||20578,12426|||3458|
8129250||8637,25733,7045|25733|18097,28617,7868,22999|16323|25733
299750|24869|||24601,11080||
3245250||||23878||
3734250|6290|||||
9782000|5086||14902,18758,5367,3151|7248,6724,29364||
4256500||||2410||
9173750||14097|10999,15315,12541,14020|16110,11679,7560,29224,13784|16540|
832250|5053,23782|22963,27791,18024|23143|26670,29330,28859||
11434750||||21823,7071,9985||
2378500|16722||3228,14153|17470,18937,2669,10014,14795,19974,26619|12886,23774|
11957000|13380||17060,17242|16818,12977|21078,21995,23907|
6515500||23251||||
4025000|9894|||||
4658500||27625,21110|25917,18075,10948,11330,12606,21838|25960,17453||
11711250||10866,23861|1392,6175,24942|21338,20617||
6900500||||6805||
9512750|||21593,20800,23779|11080,13285,28135|4239,19903,27205|
6458500||8637||||
6654750|||16110|14261||
11625250|3740|21628,3740|28017|18990||3740
8060000||||18024,19882||
5491500|6880,18024|26288,1962,7089,18024,15390|21092,9472|25989,14265,25212|20803|18024
5139250|21336,17959|18183,11080,26716|23826,1731|||
3344750||26333,4452,18290,5310,7542|17748,28177,684,20579,28463,2771,26614|11022,12078,2421,1771,2042,24196|27427,8805,28524,3313|
1661750|10840|15315,28221,679|2729|9802,14020|3324,1731,22342,3151|
1459000|||||6147|
9179500|20823|29375,17214,11196|17835,11196|27637|17629,12220|11196
9946250|12754||21865,23241,26619|21865||21865
6380000|||24459|20327||
7830250|554,17237|||||
5522250||7048,15315|4479|||
711500||26722,4709,14360,11578|26722,11052,17118|26722||26722,26722
417250||26800|21838|12068||
764750|||14153|||
7218000|15859|21936,6951,11201|24669,7096|2421,18630,10702,22317|22317|22317
6247250|||8171|15814|25618|
3524750||||4491,26871|4808|
8949750||||16818,21962|17438|
3644250|18843|7127,4775,20388|16406,29473,18843|14661,17781,7230,4381||18843
11121500|||18024,24601,6597,15799||13049,8530,15799|15799
9436000|||6571||504|
6266000||18292||4939|23774|
11078500||||9275|18024|
3963750|26972|16624,3809,23662,13737,11864,251,21067|13020,4949,19421,7356,26614,7096,11330,23475|11176,3590,12977|4949|4949
1969000||18002|15887,4411,18002,5469|12220,5987||18002
11494250|||||11196,8676|
8528750||16913,27791,15672||15315||
11142000||28378|18180|17407|17407|17407
8385000||19217,21110,26332,16463|7680,9111,1548,8528,504,3458,18080,23284|||
3312500||21217||||
4133750||25372,14248|14451,25372,20127|9919,25372,27638||25372,25372
3675000|||8851,9563,16722|14292,13779,6498,10232,7297,1138,1565,11635,20338|15024|
2448250|||12541|949,24669||
3781500|||27161|||
7269250|24571,10895|2729,8637,23295,20578,27791||26180||
154500|18805||10353,29197|28621,8689,5863|13830|
11307500||12068,24944|8628,5264,18167|27711,22359|20300|
6458250||||22280|7692,27205,23475|
8271000||11280||||
11535250||2257||22989,16463|16463|16463
236000|||27028|8637,18275|17690|
9842500|3190|21995,18805|18805,12576|25086|19048,7380,10908|18805
5155750||18805,24669,23662|15018,2999,8173,18024|14661,7432,11969||
4547500|||||8257|
11339250|||||6828|
1838000||11259||||
6126750||||15019|25169,25117|
8909750||20803||15681,24054,28270|22342|
8195000||4078,24519,28410|5185,18024||8943,21672,11080|
621500||2683|19973|29099,6326||
11794250||1218|27092,22365|29099||
472000|2963||21565|23584|3515,25333,6211|
5901250|||||14575,12606|
10818500|23779,9829|9030||1038,17855,5334||
309750|20902||||15365,4545|
4215750|12674,9392|19574,14415,23928|23656,14573,4125,2685,1037,4281,7230|15302,26127,17356,9340,9878|21085,11391|
5037000|11196|19416,12068,20803,6880,4571,21140,21067,22077||14796,27791,7868|27508|
791500||3627||23492,24831,10329,21050,20297,16606|24831,14712,8738|24831
12377250|8689|14020|2729,22313,3151,14020,24447,27946,24427,18075,5799,19405|3151,18075,19023,5492|22556,18075|14020,18075,3151,18075
4994000|||25596|||
8940500|16952|4571,24172,25917,23928,21838|2655|11080,13784|251|
5110750||934|26114,21146,18167,5590,28399|1739,1004,7096|3324,25793,8414|
3787750|||2610||26969|
2870250||17606,4003,7096|17606,4003,14020|17606,29363,8327,15096,14020||17606,4003,17606,14020
7787500||24340||||
4967250|3528,6101,17642|12431|7868||28391|
8096750|1630,5267|24887,23628|21672|28641|22077|
4054000|11304,28124|9090|9090,11304,24088||20121|9090,11304
267250|15549,1237,2367,10690|8313,5053,20297,21925,599|13787|11679,679,18829||
5440500||||25272,17945,11080,5043||
10831750|||||5640|
11947000|6505,16865|11080,21911,12162,8719,17959|1758,23482,20411|9522,13103,2322,24417,15233|28967|
10976250|16952|14482,27888|11679,12285|1533||
3861500||7868|9899,20470,7868|||7868
4782250||||15359,10193,27791|5724,9658,10778|
5962750|27446|1950,3228,24172,11080,9563|21838,7105,27446|2683,9640,5803,16800,17706|5151|27446
3977750|||1461,25596,17087,17060|21869,13975||
9344000|||14795,17024|||
2752000||14917|12243,19772,3032|12243,11679,3032,5667,22179,19405,3313,2042,5043|27906,26728,14074|12243,3032
6634500||||6571||
5407750||27060|178,16821|16373,3850,6352||
341000|16564|25840||||
4195500|27407,18905,7737|20456,28662,20694,7737|12285,15315|9802,18097||7737
7306250||28754||4691,2249|22359|
6852750|||16939,12285,7356|7208,7822|4949,27906|
1727500|||9563|3228,4452,7812,28669||
4880250|3382|15617|27096|||
42000||8890|11578,13390|||
3096750||||15315|11541|
4809750|||679|23884||
9215000||||8651,14294||
7476250||4571,19416,23284|1037|29099,24907||
7918750|7479|||||
10654750|||||12212|
7892000|25366,8489|16913,10928|911||1530|
10302500|12162,2626|12754,14567,7409,14065,8689,23235,28164,679,26087|18167,6630|||
6751750|16243|3068||||
6003750|530,2251|3913,23698,20256,27487,16944,23013,23480,22749|11679,15414,16176,3393,8792|7737,23628,5053|12285,26618,4750,10726,7868|
7921500||15534,22556,22583,23612||28087||
1758250||6947|28463,2764,27791|3091,6571|28481|
7699500|8719,1031,360|18730,3979,11793,1222|8173,14182|9802,11679,23928,23698,5848,1546,26127|13592|
10312750||12886,9563|20367,28201|24503,6154,3627,23783,20164,12352||
8353250||28401,4302|22204,16331|7560,3438,12285,7230|27205,12285|12285
9651250|||5639|1598,26754||
3304500|18086,6158|18086,17512,16540,4324,18217,5081,4807|10461,3592,15874,24461,26634,11631,903,22269,17228|4931,1197,3804,29099,8219,24461,13554,17228|3804,25169|18086,3804,24461,17228
8230750|4949|11939,24841||||
12371000|9111,24517,16376|21372,8992||12737,25086,24541,12394,14294,2254,11543|23896,17514,25570,11776,8628,17767|
8072250|6098,1392|749,12977|14894,23143,22095,19514,11196,14020|27033,526,22,19036||
1832000|||||10916,25687|
10588000|849||15138,9209|15138,9295|14020|15138
861250|28707|||||
9671750||||26722||
11111500|12379,27791||||4216|
11730000||28286,8296|21565,13390,6193,17181,422,5443|18523,13787,471|1446,12914|
7715000|27961|19394||11790,13795|11790,24978|11790
2823250||2610||25329||
2364500||21865||||
11687000||8689|8689|||8689
11590500||18741|17512|14821||
1244250|19951,1691,4324|2764,624,27670|4324|28183,1691,4324||4324,1691,4324
7785250|||||11790|
3089500|||||1917|
3288250|25651,5592|4750|19394||6395|
380000||22094||14174|5620,12329,1773|
746000|||3032,7613|6571,12435|155,21865,7105|
7345250|5845||2750|||
11131750|||4039|882|29472|
2331750|22126,11201,9458|18805,2436,17214|22732,20626|24385,953,8628,29099,10584|27179,19539,7179|
8017000|||22280,23284,3719|22280,27505,15096||22280
1165500|||15423|||
8123500|||||1591|
10224750|4761|25960,2613|1481|11679,21393||
11558000||12674||749||
5467250||23157,19252,8763||||
5264500|27791|8625|4172|||
12027000||24334||21865,2322||
11220500||||12285|11431|
6433000|||17087|||
6904000|26546|||9111||
2874500|10840,22094||4172,7868|3047,7868,28370||7868
6921750||2367|||19197|
9839750|||18167|||
1189000||6548,27615|16361,23612,16818|28621,23628|11328,12175|
6874250|15584,1771,8637|2683,18805,28410,17214|2683,24844,28410|12747,11080,14265,8637,13483,12168||2683,28410,8637
6061250|10893,8628|28985,3190,22113,22577,19632|16463,22359,29203|11176||
7034000|22887,1392,13265,27153,17402|14266||3850,26829||
10212500||12927||15959|24081,24788|
10063000|22393||10893,14930|21110,22889||
8633500|5833||8148|||
3310750||11176,3458|15432|25086|24083,23774,14952|
11300000||13307|8375,12063||2963|
8070000|||||29197|
7513250||||24590||
1815750|||5067,13998|||
425500||12285||8313||
4963500|||21110|21092|15534,16572,18002|
2200750|16768,18741|2610,24506,14020,12285,12674,26516|8630,2655|12674|9315|12674
7886000|15934,9472|9472|6880,5094|||9472
3405000||5015||||
4852500|26288,5848,11665,7542|10151,24541|16500,911,24541|||24541
11939000|25596|||23260||
1240250|||2160||18392,20297|
2882750||11330,8943|29225|4452||
11896000|10872|12068,22405,19166|3176||16564|
5293250|20506,679|20506,4571,679|15672,11519,679|3995||20506,679,679
10533750|26972,3032|14261|27346|24601,14261,17945,19974,13451||14261
7703750|27625|4958||3651,3626,8278,23304,18868,6398,22908,18730,7542,12394|18075,527|
3149000||9804|9486|||
7810250||||8637||
140500||||3627,14625,18730,23779|10480|
6849750|13883,11679,15584|8049,6757,27965,27928,25733|2199,4819,24886,6246,29099,19394|12161||
8702500||3390,11196,7105,16540|7105|29547,24780,617,23779|8257|7105
11564250||||25483,14969,6104|1831,9140|
8033500|13888|28653|16939|12435,6113,2471,12489||
528250|||21146,12977|7096|8693,155,2963|
2198750|18024,5429|||9250,13054,16550||
1025250|4014|||13247||
9782500||17550,5856|||6352|
1459750||28059|25830|||
4257000||||11196,27625||
965500||26546|18712,9671|26378||
10966250||8689,14482,13039,20456|4949,29224|17087|251|
7435500|18024|27950|178,24886||7975|
5440750||16243,20701|2963|970,14853,20045,23206|25029,19862|
5238000||15138,2683,11101,5936||21833,9620,15018,527||
10261750|17061,17348,14261,18024|17061,1222,28270,3438,14261,15645|19394,18805,17405,14261,16331|17061,21657,8278,23628,14533,17060|23896,14261,5285|14261,17061,14261,14261,17061
11701500||||4281,16481,17760,24737,4366||
8170750|||||1966|
1525000||11196|9620||11196,2257|11196
5012750|7963|||2208,5053,11196,5043,14818|13020,10893,8799,1335|
3592750||14694,8704,16903||||
2921750|5324,143,27791|7105||11201,143||143
3226500||27791|11954,6621||22240|
6700250||||18575,7957||
1086750||||7868|1084,18977|
3188000|9567|||18025,16463|26618|
5199750|||9936|679||
5170500|6096,19973|18805|21672|6096,17581,14020||6096
1579250|5336,25641,15921|7105,13737|21160,4953,8698|24194,9906|4078,25424|
1971500|22489,26288,5834|16944,7469,13701,14065,4411,5315,7004,21919,17550,14917|27791,21715,1739,7692,23019,3151,19166|14415,7654,11000,22043,26860,25329,7096,7230,24070|8316|
11496750||6927,3534||||
2078000||24669,6839,28616,16944|17449,14446,26608,14902,27791|7622,17752,4644||
83250||15434|4220,7409|8769,28885,25329,6174|1731,7989,7624,21238,25753|
5256500|3775||614|20679,614||614
10774750|||27199|1577|14942|
4189500||||9165||
5320000|6167||3228|||
3581250|11781|26546,5086,17783,23482|23214|5848,22126|28411|
1074500|||9567||16602,12606|
3282250||2739,27638,11357|29099|11857||
7687500||3174,23748,22994|26607,8173,12285|19574,18730,5369,3787,28625|619,6737,12182,16453,14603,7868,14498,12364,13853|
1793250||2033||21067|2033|2033
1906000|12220|2683|21110,1831,9532,16540,9567,2683,12285,11448|2438||2683
8156500|16420,25214|8842,9620,6665|10999|4078,6447,2198,6951,19974||
4625750|||3151,530,25366|24471,17945,26000,14482,24869,22321,10840|1000,11734,22321,17882,10570,29197,22749|22321
5959000||18805,14242|14153,27791|4078||
9244000|7868|7868,16177|17393,13471,7868,14227||13442|7868,7868
6234000||12642,4220,4571,18051,1107||16463,12438|17020,21372|
1617250|1505,5667,26546|28463,11951|23284,7061,11329,2217,27791|5077,21919,19405,21533|12283,18002|
5254500|29539,22359|14393,15918|22043,18072,3313|24601,4336,12717,7868|21672,25488,15478|
6897000|||23223|24177|18544,7626|
4037500|||||14523|
38250|18730|14265|17590|15138,14265|10051,14265|14265,14265
7003500||||11196,25090||
7568750||||1831|12285|
69500|||1917,4691|2929,18730,17470,10646,15315,6352||
7163250||8689|22609,19702,9567|18791,26595,17748|20154|
7269750|||4019||19475|
6299000||||25830||
2768250|||||23421|
5846250|1831|18200||||
4922750||18489,18024|20701|2669|18013,2669|2669
3952000|||9111|19837,25917,2128,4479,29099|4648,13998,21844|
232000||7105,18791|7868|7868,21865||7868
8314250||19416|17770|4626,25933,4834|11196,27618|
8745250|||7706,23086|||
8111500|23793||527|23878,454,12790,11018||
6301250|1031|20555,25917,8637,12271,8226|8637|8689,14292,574,14942,11543,13209||8637
2788750|9914|3647,24907|23628,3804,13776,5043,7096|11176,10702,8842|18515,11431|
7450000|20661,9220,29202|8637,27791|12977|14261||
9807250||19890|18905,7868,26699|6096||
8324500||28369,7943,9657,18741||14020|9848|
6848750|4163,13354|202,8689,2891|4307,22894,264|7070,21336||
12015000||7552|||22240,26900,5176,15138|
2852250||||11682,21706||
6272000||||2803,17400,12055|2803,12055|2803,12055
7211250|||23656|7061||
5742000|5593|19523|10694,29465,19523,8238,25261|20668,25248,22307||19523
6205000|||27470|||
11683250|||24704,14603|12541||
984500||19539,18730,28985|2513,27791|||
8910750|24929|||29078,10948,27514,11330,18167,5598,12688,26614||
835000||11734|13878,21462,5848,14048,16722,8637,7990,9912,207,25642,14020,5845,23202,1752,7059|19632,25215||
2168250|15200,13494|||7868||
5354000|18024,20180|4595,20180|18990||10014|20180
2733500||13272||19824||
1517000|||24087|7208,27205|15086,4808,16302|
3010000|||13975||4220|
10443000||||1392,19466,14482,28378,23628|13460,10570|
1324500|14482|20872,6305,7868|27927,2198,5336,6980,7868|10404,10647,7868||7868,7868
4193750||23779||21657||
1953250||25289,2610|3658,24415,1788|14020,21979,23984,8313,3658,20918,12394|6783|3658
6358500|||16873|||
5899750||18730,21672||12220||
8822250|||4578||17483,18013|
8160750||||3958|15308,17641,18529|
5654000|29231,16939|4775,29231,4300|17926|528,23861|5896,4571|29231
8523250|||1731|7827|25500|
4533750|11431|10970|24514|4324|10908|
6258500||||12068||
9212500|||7150,14596|||
10069500|24447,18519,10740,14408|4571,6665,10740,18084,2257|4571,19973|21400,8978,15322,21838|8637,7868|10740,4571
650750|||17772,18202|||
3520000|1337,12758|22126,20184,21336,5254,10325,29099,14788,24434,3999,24669,23928,16846|4499,14415,2999,27927,10702,24984,21919,12795|1700,18829,28065,9563|23409,7105|
4256000|5661,23019|18741,24944|7692,16331,14153,27791|17771|3324|
10229250|||21593|18289,8689,22179,24869|23774,24541|
8799750|18024|18024,4571,14261,679|4389,3252,13592|20826,12018|20826|18024,20826
405000|||1135|||
11114000|||25372|||
1492500||26605,8637||11679|24886|
3849750|||||9549|
266500|||9487,25005,9486,10282|255,9657||
7375000|11201|||11201,11857||11201
8617500|||4571|27625,11280,26619|28270|
9694750|14550|28409|15383|||
1812000||||11196,7868,19814||
3913250||4235|12220,9948,14020|13240,8409,5845,3626,9948,8689,9230,9242||9948
6067750|||23698|||
9055750|||11201|||
9352750||6548||28759,18075,17133||
6334000||23120|||10627|
8435250|22489|10999,7105,21067,14261|11679,11080|16110,16540,14261|18730,23896|14261
6150750|||26523|18185|15831,17429,4835|
861750||12790,5660,27791|||23284|
200250||9620,12052,19166|5856|12352|25570|
1074750|3699,647,11080,527|527|12285,11904,21865,14580,10171|12220,12747|22556|527
8040000||22547,17400,21796,239,20300,1335,5043|8257,27205,9792,12541|12994,10151,4762,239,15138,18275,13872|17084,23285,11018|239
1724000||29099||||
10653250|||4320,18891,29203|21392,26034,619|20180|
6694750|5053|20456,9472,27149|26298,12977,14020|20253,24196,12352|3151,18730,23007|
573000|||16653|19615,18868||
3751500|9829||||20300,10193,23284,28411|
4336750|24059|||||
71250|||8775|||
2428500||22915|1396||17153|
11601500||7511,12853|6299,12220,11080|6190||
2182750||5131,28184|1539,7059|19643|18808|
5052000||5150||7868||
10790500|15716||||7105|
2088000|13247,25349,19540|10949,2198,13020||15019|21883,617|
11632250||||4819|25022|
7898750||||26894,21838||
10309250|11329|10999,8089,9472|5043|11734,15192|14942,18996|
12154500|17640|8689,15086,9471,2568,9549,27791|13226,17640,7868|17214,7611,7868||17640,7868
5865750|1031|911|18296|10268,28177,4238,29331|3228,11652|
11493000||9072|7868,4694|22727|12453,1533,14661|
8730250|11679|7007,911,28876,7611,3228,4571,530,12068,19416,28453,18024,1119,3913,57,1501,28653,14976|911,3228,8257,12068,8278|||911,3228,12068
11283500|||10680,16463|12220||
11503250||||504||
6233750|10584,21146|3458|3051,18180,3776,4220,10014,26619|10948,4220|10678|4220
5828250|||||4808,9031|
2350750|23779|||||
887750|28270,17237|3135,24764|15934,15019|15019||15019
4153000|21883,9912|9111,17921,20048,5043|18075|9567,27539,17835,14942|26523,22621,21865|
6766250|27791|28945,18805|3977|9109,29547,6988,4307||
1699500|||||16716,24715|
5336750|26341,6096|377,23251,679|24669,15344,8965,13494,20146,21427,5043|25272,11000||
9592500|||18271|||
11949750||43,5403|25009,12063|10353,2198|6571,13554|
10064500|25830||5799|8269,22583,12220|29099|
4376250|||19993,16155,15631,8689,12790,21225,18281,11524|27407,21225,28368|8689|8689,21225
5693000|||2655||21899|
4852000||29146|7038|||
7405250|||15125|||
599750|530|29146|9657,18990,18072|10097,12285,20297||
5261000|15308,21581|13592,1591|11410|24788,11000||
2807500||5557,1015|19379,3817,18024,1015,1010,10014,12688|11329,18741|27117|1015
3625250|4411,6057||16085,18180,26614|5625,20549|21372|
11362000|10240|17232|8693||5330|
6807250|7233|13394|8630,27791|10646,22393,5529,25372|5712|
364250|11679|||||
10401500|||20979,22950,27791,18465|13258,8816,27791|12189|27791
5078750|9111,18990,27625,1031|12433,27319,17959,21657|25669,4949,62,13592,8483,9549,7465|23071,23628,7260,554,14596,25329,5310,7096|10329|
4620000|27709,14486|||||
11894500||26619|||24009|
6571750||||5661,9193|16540,155|
4118250|||5185|||
2891500||3047,14161,11176,4949,13240,8724,2257|819,8027,14580,20966,7467,255|8027,2257|3627|8027,2257
567250|19615|949,6051,7868,1237,21838,7105|27791,6968,9899,24616,7354|||
2688750|||28391|3181,1739,19814|155,15721,22749,3774|
2138750|||||14120|
448250||||15911||
3317500||25366,3032,22113|27514,11864,3032,8261,1917,8767||7105|3032
3168000||||3082||
691500|4270|14119,19974|12433,19328|6080,27912,22547,20661,22664,28641,834,23013,29445,14498,239,21840,8764|14554,15390|
5226250|21865|16302,10726,6840|8689,26416|15907,24669|8689|8689
415500|27437,28694|13017,7542||554,194|23164|
6998500|1031|19416||201||
5642000|13450|3181,26121,14873,16009|10726,11080|7812|10840|
10047250|8976|||3555,12132||
1247000||25381,25635,18712,20548,5043|||25635|25635
5754500|12647|3954,8307|3665,15896,16836,8725|14784,11790,10282,143|23214,25618,14020,28752|
6412250||||13354|7260,15159|
5812000|2683|19993,2683|20506,2683,4039|2683|2683|2683,2683,2683,2683
7657250||3228||7997|29445,2043|
9811750||22846||||
12275500||9563|21930,5429|7572|23134|
6099250||||13244,11823||
7976750|||3228|25483,26806,19813||
9685000||5403||17032|3185|
4712250|||14276|20902|18388|
7322250||||23861||
5292000|8643|23779||21345,25669,19974||
9586500||27888|17401,414|24601,8860||
3549000|||||5184|
5906250||27791|13784,143|||
4423500|6911|9111,29490|24193,4147|||
7143250|21983|10702,3074,3181,20751,10404,217,13039,28985,23251,13265|26077,7360,7613,26114,2771,12865,13784,15799|22087,28641,19941,29203,1773|23896,24281|
8529750|16939|28059,26883,18026|23013,22583|22583,9702||22583
1724250|23198,15269|23236,3228||||
2033500|2519,1439,1293|5009,4949,3627|4949,11176|11176,12352,28270,16110,8689,11465|712,8689|4949,11176,8689
11046750|||||7169|
4956000||21337|28675,15315|||
2251750|29385,23549||6571|||
11313000||27092,27791|21865,17013,27406|7456,11196,11018||
239250|27060,19742,8603,16854|18990|7616,9842|12647|28481|
11984750|251|3627|993||3627|3627
3590000|||9907|7567,28924||
2322750||12754||||
8215250||25372||||
4004500||15315,19686|6571|19686,18281||19686
10000250||19974||6171,17153,28256||
5957500||24966||||
10696000||20979,1666,14887,10635|1995,19615,14153,25420,14887,24440,3740|11022||14887
4378500|16100||11857,22947|||
9039750|||11196,3228||1293,14580|
8555500|||29078,19379,10741,1282,27615,7762,4738,18180,5598|25372||
9199500||4578||4081|29099,24969|
8701250|||||1884|
19500|||27927,19421,27946,14048|19421,20551,5086,25933,7096||19421
1114000|25960|||||
9103250||6655,876||||
4804500|||28465|||
11552750||27791|||23448|
47000|1950|2999,18835|23549|||
9906500|||26298|5185,12394|8689,23656,155,28411|
12388250|||1539,28391|||
4814750|||26568|||
11734000|26546|28985,7747|14490,13084|||
6713250|14261,5185|18879,27625|18805|2945,17177,24541,24344|2367,16768,1758|
6155250|15661|7850,4059,29203|1773,14020||5015,4220,27653|
6264750||||1415||
11747250||9525,16154,24892|11244,17959|||
8216500|27791|28481|22552,6148,18712|25329,22552,22916,14159|3746,25308,14159|22552,14159
1838750|||16818|||
7149500|||2306|||
2386250||24507|1008|948,7061||
11352000||7096||||
8845250|25138|4039,18736,13962,10133,11826,28653,12008|25596,14020|17214,22484,23928,554,24565,13070,16722||
4853750||||25596,19955||
7927750|||12680,26288,3032,20279,26341|15065,26288,12674||26288
11527500||5305|27791|16884||
6754250||20152,26789||||
4503500||||24193|11936|
7116750|10308|23669,12541|9912,14930,27637|||
2050000|||10702|11022,5306|26866,18996,15231,17960,21659,5620|
6571000|9192,5470|15734,13430|13878|12162,4254|27052|
2103250|20661|24341,23549|24325,13592,5458|13737,7822,25219,12394,14902,6724,22280,11022|4220,7567,28855|
620500|6352||15345,26114,7975,18572,4571|10646,934,21840||
9121750|7868|2000,15935,4571,7868,11029,2683|5799|25733,18805|21838,15946,19974|7868
2316250||20694,28535,26546,9657|23475,1390,9657|28662,15065,18180,6621,26288|9688,10948|9657
65500||24196|2452,6152,5814,28687|5443,21840,29202||
11616250|9829|||||
2988000||6548|17133,22482|12606,15828,22482||22482
4886500|26608|17640,18805|20146,26789|||
9035750|6839|9881,19973,25381,26434,4479|18697,21919,20661|7850,17732,29099|18544,25618,18024,27052,17977|
452750|10872,22547,17352,14581|14796,12110,18491,11060,251,6672,25488,16460,14020,141,19973||14796,21865|15638,24392|14796
4921000|9912,16672,14048,1031|23549,28418,3032,19974||||
3211250|11963,15584,4411|23662,27443,10393|26006,239,17706,3390,11076,27155,6148|7173,11076,16110,12431||11076
3573750||778||11176,25260,15831||
563500|3219,15032||16939||10778,23928|
12331000||19540,18180,7542,26614|11330,21739,21758,18180|||18180
12384250|4300|||5458|3658|
1173500|24869,15192,23928,20143|5848,20037,8049,8257|15661,15931,7606|5848||5848
12234750||10893,6980,22126,25372||949,29465,10176,21632,4510,26614|26736|
